,team,opponent,made,x,y,num,player,points,shot_type,date,venue,made_points
0,NU,UST,0,8,3,9,J. Clemente,2,jump shot,2018.09.08,MOA,0
1,NU,UST,1,0,2,10,I. Gaye,2,dunk,2018.09.08,MOA,2
2,NU,UST,1,-1,16,8,A. Joson,2,jump shot,2018.09.08,MOA,2
3,NU,UST,0,4,8,1,D. Ildefonso,2,jump shot,2018.09.08,MOA,0
4,NU,UST,0,62,43,1,D. Ildefonso,3,jump shot,2018.09.08,MOA,0
5,NU,UST,1,7,3,8,A. Joson,2,lay up,2018.09.08,MOA,2
6,NU,UST,0,0,24,0,S. Ildefonso,2,jump shot,2018.09.08,MOA,0
7,NU,UST,0,-9,5,9,J. Clemente,2,jump shot,2018.09.08,MOA,0
8,NU,UST,1,-28,7,10,I. Gaye,2,jump shot,2018.09.08,MOA,2
9,NU,UST,0,15,14,1,D. Ildefonso,2,jump shot,2018.09.08,MOA,0
10,NU,UST,0,70,-2,9,J. Clemente,3,jump shot,2018.09.08,MOA,0
11,NU,UST,0,7,11,0,S. Ildefonso,2,jump shot,2018.09.08,MOA,0
12,NU,UST,0,30,23,15,D. Yu,2,jump shot,2018.09.08,MOA,0
13,NU,UST,0,-1,53,13,M. Aquino,2,jump shot,2018.09.08,MOA,0
14,NU,UST,0,-52,17,13,M. Aquino,2,jump shot,2018.09.08,MOA,0
15,NU,UST,0,63,6,19,J. Gallego,2,jump shot,2018.09.08,MOA,0
16,NU,UST,1,-9,2,5,A. Diputado,2,lay up,2018.09.08,MOA,2
17,NU,UST,1,-43,20,13,M. Aquino,2,jump shot,2018.09.08,MOA,2
18,NU,UST,0,1,8,19,J. Gallego,2,jump shot,2018.09.08,MOA,0
19,NU,UST,0,2,9,21,T. Rike,2,jump shot,2018.09.08,MOA,0
20,NU,UST,1,-2,8,13,M. Aquino,2,lay up,2018.09.08,MOA,2
21,NU,UST,0,70,-5,15,D. Yu,3,jump shot,2018.09.08,MOA,0
22,NU,UST,0,-11,11,13,M. Aquino,2,jump shot,2018.09.08,MOA,0
23,NU,UST,0,-1,22,8,A. Joson,2,jump shot,2018.09.08,MOA,0
24,NU,UST,0,6,7,1,D. Ildefonso,2,jump shot,2018.09.08,MOA,0
25,NU,UST,1,-2,11,21,T. Rike,2,jump shot,2018.09.08,MOA,2
26,NU,UST,1,15,12,1,D. Ildefonso,2,jump shot,2018.09.08,MOA,2
27,NU,UST,0,-9,3,1,D. Ildefonso,2,jump shot,2018.09.08,MOA,0
28,NU,UST,0,56,48,15,D. Yu,3,jump shot,2018.09.08,MOA,0
29,NU,UST,1,61,42,1,D. Ildefonso,3,jump shot,2018.09.08,MOA,3
30,NU,UST,1,-7,4,10,I. Gaye,2,lay up,2018.09.08,MOA,2
31,NU,UST,0,11,8,0,S. Ildefonso,2,jump shot,2018.09.08,MOA,0
32,NU,UST,0,15,2,1,D. Ildefonso,2,jump shot,2018.09.08,MOA,0
33,NU,UST,1,57,45,15,D. Yu,3,jump shot,2018.09.08,MOA,3
34,NU,UST,0,41,20,15,D. Yu,2,jump shot,2018.09.08,MOA,0
35,NU,UST,1,0,75,1,D. Ildefonso,3,jump shot,2018.09.08,MOA,3
36,NU,UST,0,-3,15,1,D. Ildefonso,2,jump shot,2018.09.08,MOA,0
37,NU,UST,1,10,2,1,D. Ildefonso,2,jump shot,2018.09.08,MOA,2
38,NU,UST,1,-8,1,14,J. Galinato,2,jump shot,2018.09.08,MOA,2
39,NU,UST,0,-30,13,1,D. Ildefonso,2,jump shot,2018.09.08,MOA,0
40,NU,UST,1,7,3,8,A. Joson,2,lay up,2018.09.08,MOA,2
41,NU,UST,1,-7,3,0,S. Ildefonso,2,jump shot,2018.09.08,MOA,2
42,NU,UST,0,40,63,9,J. Clemente,3,jump shot,2018.09.08,MOA,0
43,NU,UST,1,-6,4,1,D. Ildefonso,2,jump shot,2018.09.08,MOA,2
44,NU,UST,0,70,20,9,J. Clemente,3,jump shot,2018.09.08,MOA,0
45,NU,UST,1,3,12,0,S. Ildefonso,2,lay up,2018.09.08,MOA,2
46,NU,UST,0,7,0,8,A. Joson,2,jump shot,2018.09.08,MOA,0
47,NU,UST,1,7,12,0,S. Ildefonso,2,jump shot,2018.09.08,MOA,2
48,NU,UST,0,16,14,9,J. Clemente,2,jump shot,2018.09.08,MOA,0
49,NU,UST,1,70,-3,9,J. Clemente,3,jump shot,2018.09.08,MOA,3
50,NU,UST,0,60,50,1,D. Ildefonso,3,jump shot,2018.09.08,MOA,0
51,NU,UST,1,-10,9,0,S. Ildefonso,2,lay up,2018.09.08,MOA,2
52,NU,UST,1,-21,4,21,T. Rike,2,jump shot,2018.09.08,MOA,2
53,NU,UST,0,-24,75,15,D. Yu,3,jump shot,2018.09.08,MOA,0
54,NU,UST,0,-32,67,14,J. Galinato,3,jump shot,2018.09.08,MOA,0
55,NU,UST,1,-43,31,14,J. Galinato,2,jump shot,2018.09.08,MOA,2
56,NU,UST,1,7,1,6,J. Sinclair,2,lay up,2018.09.08,MOA,2
57,NU,UST,1,-21,17,6,J. Sinclair,2,jump shot,2018.09.08,MOA,2
58,NU,UST,0,-1,18,6,J. Sinclair,2,jump shot,2018.09.08,MOA,0
59,NU,UST,0,-12,5,21,T. Rike,2,jump shot,2018.09.08,MOA,0
60,NU,UST,1,-7,3,21,T. Rike,2,lay up,2018.09.08,MOA,2
61,NU,UST,0,-21,46,6,J. Sinclair,2,jump shot,2018.09.08,MOA,0
62,NU,UST,0,43,9,21,T. Rike,2,jump shot,2018.09.08,MOA,0
63,NU,UST,1,-7,3,1,D. Ildefonso,2,lay up,2018.09.08,MOA,2
64,NU,UST,0,-13,6,21,T. Rike,2,jump shot,2018.09.08,MOA,0
65,NU,UST,1,0,8,1,D. Ildefonso,2,lay up,2018.09.08,MOA,2
66,NU,UST,1,-5,5,1,D. Ildefonso,2,lay up,2018.09.08,MOA,2
67,NU,UST,0,-68,8,1,D. Ildefonso,3,jump shot,2018.09.08,MOA,0
68,NU,UST,0,26,4,8,A. Joson,2,jump shot,2018.09.08,MOA,0
69,NU,UST,1,-60,47,19,J. Gallego,3,jump shot,2018.09.08,MOA,3
70,NU,UST,0,-5,15,1,D. Ildefonso,2,jump shot,2018.09.08,MOA,0
71,NU,UST,0,-69,2,9,J. Clemente,3,jump shot,2018.09.08,MOA,0
72,NU,UST,0,10,4,8,A. Joson,2,jump shot,2018.09.08,MOA,0
73,NU,UST,0,-35,68,0,S. Ildefonso,3,jump shot,2018.09.08,MOA,0
74,NU,UST,1,-8,6,9,J. Clemente,2,lay up,2018.09.08,MOA,2
75,UST,NU,0,0,46,6,M. Lee,2,jump shot,2018.09.08,MOA,0
76,UST,NU,0,-7,14,27,C. Cansino,2,jump shot,2018.09.08,MOA,0
77,UST,NU,1,-4,13,11,E. Caunan,2,jump shot,2018.09.08,MOA,2
78,UST,NU,0,66,38,6,M. Lee,3,jump shot,2018.09.08,MOA,0
79,UST,NU,0,34,-1,11,E. Caunan,2,jump shot,2018.09.08,MOA,0
80,UST,NU,1,8,2,27,C. Cansino,2,lay up,2018.09.08,MOA,2
81,UST,NU,0,-52,57,8,K. Zamora,3,jump shot,2018.09.08,MOA,0
82,UST,NU,0,38,68,6,M. Lee,3,jump shot,2018.09.08,MOA,0
83,UST,NU,0,-69,1,27,C. Cansino,3,jump shot,2018.09.08,MOA,0
84,UST,NU,0,11,9,7,J. Marcos,2,jump shot,2018.09.08,MOA,0
85,UST,NU,0,-32,47,5,R. Subido,2,jump shot,2018.09.08,MOA,0
86,UST,NU,0,1,6,11,E. Caunan,2,jump shot,2018.09.08,MOA,0
87,UST,NU,0,-45,60,5,R. Subido,3,jump shot,2018.09.08,MOA,0
88,UST,NU,0,8,6,7,J. Marcos,2,jump shot,2018.09.08,MOA,0
89,UST,NU,0,62,45,27,C. Cansino,3,jump shot,2018.09.08,MOA,0
90,UST,NU,0,-9,7,0,S. Akomo,2,jump shot,2018.09.08,MOA,0
91,UST,NU,1,-11,6,27,C. Cansino,2,lay up,2018.09.08,MOA,2
92,UST,NU,0,-3,13,27,C. Cansino,2,jump shot,2018.09.08,MOA,0
93,UST,NU,0,-6,21,0,S. Akomo,2,jump shot,2018.09.08,MOA,0
94,UST,NU,0,-4,20,5,R. Subido,2,jump shot,2018.09.08,MOA,0
95,UST,NU,1,-70,-2,5,R. Subido,3,jump shot,2018.09.08,MOA,3
96,UST,NU,0,32,67,5,R. Subido,3,jump shot,2018.09.08,MOA,0
97,UST,NU,0,-70,6,4,M. Bonleon,3,jump shot,2018.09.08,MOA,0
98,UST,NU,1,11,4,13,Z. Huang,2,jump shot,2018.09.08,MOA,2
99,UST,NU,1,9,3,13,Z. Huang,2,lay up,2018.09.08,MOA,2
100,UST,NU,0,43,4,5,R. Subido,2,jump shot,2018.09.08,MOA,0
101,UST,NU,0,-18,7,5,R. Subido,2,jump shot,2018.09.08,MOA,0
102,UST,NU,0,-2,21,7,J. Marcos,2,jump shot,2018.09.08,MOA,0
103,UST,NU,0,3,20,5,R. Subido,2,jump shot,2018.09.08,MOA,0
104,UST,NU,0,60,46,6,M. Lee,3,jump shot,2018.09.08,MOA,0
105,UST,NU,1,-7,4,6,M. Lee,2,lay up,2018.09.08,MOA,2
106,UST,NU,0,-7,36,5,R. Subido,2,jump shot,2018.09.08,MOA,0
107,UST,NU,1,-16,24,6,M. Lee,2,jump shot,2018.09.08,MOA,2
108,UST,NU,0,46,59,8,K. Zamora,3,jump shot,2018.09.08,MOA,0
109,UST,NU,0,4,2,8,K. Zamora,2,jump shot,2018.09.08,MOA,0
110,UST,NU,1,-9,3,0,S. Akomo,2,jump shot,2018.09.08,MOA,2
111,UST,NU,0,-40,62,6,M. Lee,3,jump shot,2018.09.08,MOA,0
112,UST,NU,1,3,27,2,I. Batalier,2,jump shot,2018.09.08,MOA,2
113,UST,NU,0,-48,58,8,K. Zamora,3,jump shot,2018.09.08,MOA,0
114,UST,NU,0,1,76,6,M. Lee,3,jump shot,2018.09.08,MOA,0
115,UST,NU,0,-10,2,0,S. Akomo,2,jump shot,2018.09.08,MOA,0
116,UST,NU,0,-14,10,6,M. Lee,2,jump shot,2018.09.08,MOA,0
117,UST,NU,1,10,3,27,C. Cansino,2,lay up,2018.09.08,MOA,2
118,UST,NU,0,-69,-1,5,R. Subido,3,jump shot,2018.09.08,MOA,0
119,UST,NU,0,-69,3,8,K. Zamora,3,jump shot,2018.09.08,MOA,0
120,UST,NU,0,0,13,27,C. Cansino,2,jump shot,2018.09.08,MOA,0
121,UST,NU,0,70,-1,5,R. Subido,3,jump shot,2018.09.08,MOA,0
122,UST,NU,0,44,62,8,K. Zamora,3,jump shot,2018.09.08,MOA,0
123,UST,NU,1,58,52,27,C. Cansino,3,jump shot,2018.09.08,MOA,3
124,UST,NU,0,-53,116,8,K. Zamora,3,jump shot,2018.09.08,MOA,0
125,UST,NU,0,20,32,5,R. Subido,2,jump shot,2018.09.08,MOA,0
126,UST,NU,0,14,22,5,R. Subido,2,jump shot,2018.09.08,MOA,0
127,UST,NU,0,-10,3,13,Z. Huang,2,jump shot,2018.09.08,MOA,0
128,UST,NU,0,0,74,5,R. Subido,3,jump shot,2018.09.08,MOA,0
129,UST,NU,0,-30,6,6,M. Lee,2,jump shot,2018.09.08,MOA,0
130,UST,NU,0,4,14,0,S. Akomo,2,jump shot,2018.09.08,MOA,0
131,UST,NU,0,20,40,5,R. Subido,2,jump shot,2018.09.08,MOA,0
132,UST,NU,0,-12,8,27,C. Cansino,2,jump shot,2018.09.08,MOA,0
133,UST,NU,0,-46,60,6,M. Lee,3,jump shot,2018.09.08,MOA,0
134,UST,NU,0,3,74,6,M. Lee,3,jump shot,2018.09.08,MOA,0
135,UST,NU,1,-45,49,6,M. Lee,2,jump shot,2018.09.08,MOA,2
136,UST,NU,1,-70,-1,8,K. Zamora,3,jump shot,2018.09.08,MOA,3
137,UST,NU,1,-8,3,11,E. Caunan,2,jump shot,2018.09.08,MOA,2
138,UST,NU,0,-8,36,5,R. Subido,2,jump shot,2018.09.08,MOA,0
139,UST,NU,0,-6,4,6,M. Lee,2,jump shot,2018.09.08,MOA,0
140,UST,NU,0,-52,57,6,M. Lee,3,jump shot,2018.09.08,MOA,0
141,UST,NU,0,-6,76,6,M. Lee,3,jump shot,2018.09.08,MOA,0
142,UST,NU,0,7,5,27,C. Cansino,2,jump shot,2018.09.08,MOA,0
143,UST,NU,1,0,7,8,K. Zamora,2,lay up,2018.09.08,MOA,2
144,UST,NU,1,70,-4,5,R. Subido,3,jump shot,2018.09.08,MOA,3
145,UST,NU,0,54,56,5,R. Subido,3,jump shot,2018.09.08,MOA,0
146,UST,NU,0,7,75,27,C. Cansino,3,jump shot,2018.09.08,MOA,0
147,UST,NU,0,10,3,5,R. Subido,2,jump shot,2018.09.08,MOA,0
148,UST,NU,1,4,2,5,R. Subido,2,lay up,2018.09.08,MOA,2
149,UST,NU,1,69,-1,27,C. Cansino,3,jump shot,2018.09.08,MOA,3
150,UST,NU,1,-29,38,11,E. Caunan,2,jump shot,2018.09.08,MOA,2
151,UST,NU,1,-9,3,0,S. Akomo,2,jump shot,2018.09.08,MOA,2
152,UST,NU,0,-43,14,11,E. Caunan,2,jump shot,2018.09.08,MOA,0
153,UST,NU,1,7,5,0,S. Akomo,2,jump shot,2018.09.08,MOA,2
154,UST,NU,0,70,-2,5,R. Subido,3,jump shot,2018.09.08,MOA,0
155,UST,NU,1,12,54,5,R. Subido,2,jump shot,2018.09.08,MOA,2
156,UST,NU,1,-28,28,5,R. Subido,2,jump shot,2018.09.08,MOA,2
157,UST,NU,0,-73,-2,27,C. Cansino,3,jump shot,2018.09.08,MOA,0
158,UST,NU,0,8,8,27,C. Cansino,2,jump shot,2018.09.08,MOA,0
159,UST,NU,1,7,6,0,S. Akomo,2,jump shot,2018.09.08,MOA,2
160,UST,NU,0,63,37,6,M. Lee,3,jump shot,2018.09.08,MOA,0
161,UST,NU,0,-12,7,0,S. Akomo,2,jump shot,2018.09.08,MOA,0
162,UST,NU,0,60,48,5,R. Subido,3,jump shot,2018.09.08,MOA,0
163,UST,NU,1,6,2,0,S. Akomo,2,dunk,2018.09.08,MOA,2
164,FEU,DLSU,0,-1,13,21,R. Escoto,2,jump shot,2018.09.09,MOA,0
165,FEU,DLSU,0,-71,0,5,A. Inigo,3,jump shot,2018.09.09,MOA,0
166,FEU,DLSU,0,49,59,20,K. Tuffin,3,jump shot,2018.09.09,MOA,0
167,FEU,DLSU,0,21,51,21,R. Escoto,2,jump shot,2018.09.09,MOA,0
168,FEU,DLSU,1,68,-3,20,K. Tuffin,3,jump shot,2018.09.09,MOA,3
169,FEU,DLSU,0,51,52,20,K. Tuffin,3,jump shot,2018.09.09,MOA,0
170,FEU,DLSU,0,41,29,9,H. Cani,2,jump shot,2018.09.09,MOA,0
171,FEU,DLSU,0,-29,70,5,A. Inigo,3,jump shot,2018.09.09,MOA,0
172,FEU,DLSU,0,56,47,21,R. Escoto,3,jump shot,2018.09.09,MOA,0
173,FEU,DLSU,0,1,17,5,A. Inigo,2,jump shot,2018.09.09,MOA,0
174,FEU,DLSU,0,7,27,20,K. Tuffin,2,jump shot,2018.09.09,MOA,0
175,FEU,DLSU,0,-40,70,9,H. Cani,3,jump shot,2018.09.09,MOA,0
176,FEU,DLSU,0,8,7,21,R. Escoto,2,jump shot,2018.09.09,MOA,0
177,FEU,DLSU,1,5,10,8,B. Ebona,2,jump shot,2018.09.09,MOA,2
178,FEU,DLSU,0,-70,0,9,H. Cani,3,jump shot,2018.09.09,MOA,0
179,FEU,DLSU,0,10,3,3,J. Parker,2,jump shot,2018.09.09,MOA,0
180,FEU,DLSU,1,5,35,2,A. Stockton,2,jump shot,2018.09.09,MOA,2
181,FEU,DLSU,0,21,38,41,A. Tolentino,2,jump shot,2018.09.09,MOA,0
182,FEU,DLSU,0,-70,23,10,W. Comboy,3,jump shot,2018.09.09,MOA,0
183,FEU,DLSU,0,71,-1,10,W. Comboy,3,jump shot,2018.09.09,MOA,0
184,FEU,DLSU,1,67,25,2,A. Stockton,3,jump shot,2018.09.09,MOA,3
185,FEU,DLSU,0,65,38,2,A. Stockton,3,jump shot,2018.09.09,MOA,0
186,FEU,DLSU,0,0,73,41,A. Tolentino,3,jump shot,2018.09.09,MOA,0
187,FEU,DLSU,0,-45,36,3,J. Parker,2,jump shot,2018.09.09,MOA,0
188,FEU,DLSU,1,-4,17,41,A. Tolentino,2,jump shot,2018.09.09,MOA,2
189,FEU,DLSU,1,-7,3,10,W. Comboy,2,lay up,2018.09.09,MOA,2
190,FEU,DLSU,1,-64,34,20,K. Tuffin,3,jump shot,2018.09.09,MOA,3
191,FEU,DLSU,1,-6,50,10,W. Comboy,2,jump shot,2018.09.09,MOA,2
192,FEU,DLSU,0,-2,30,21,R. Escoto,2,jump shot,2018.09.09,MOA,0
193,FEU,DLSU,0,-7,3,8,B. Ebona,2,jump shot,2018.09.09,MOA,0
194,FEU,DLSU,1,-9,3,2,A. Stockton,2,lay up,2018.09.09,MOA,2
195,FEU,DLSU,0,11,9,2,A. Stockton,2,jump shot,2018.09.09,MOA,0
196,FEU,DLSU,0,-44,60,20,K. Tuffin,3,jump shot,2018.09.09,MOA,0
197,FEU,DLSU,0,43,62,5,A. Inigo,3,jump shot,2018.09.09,MOA,0
198,FEU,DLSU,0,38,60,41,A. Tolentino,3,jump shot,2018.09.09,MOA,0
199,FEU,DLSU,0,-36,68,10,W. Comboy,3,jump shot,2018.09.09,MOA,0
200,FEU,DLSU,1,-7,10,41,A. Tolentino,2,jump shot,2018.09.09,MOA,2
201,FEU,DLSU,0,3,18,41,A. Tolentino,2,jump shot,2018.09.09,MOA,0
202,FEU,DLSU,1,-54,58,41,A. Tolentino,3,jump shot,2018.09.09,MOA,3
203,FEU,DLSU,1,71,2,10,W. Comboy,3,jump shot,2018.09.09,MOA,3
204,FEU,DLSU,0,-69,-2,10,W. Comboy,3,jump shot,2018.09.09,MOA,0
205,FEU,DLSU,0,72,0,41,A. Tolentino,3,jump shot,2018.09.09,MOA,0
206,FEU,DLSU,0,-12,6,17,P. Orizu,2,jump shot,2018.09.09,MOA,0
207,FEU,DLSU,1,-70,-1,9,H. Cani,3,jump shot,2018.09.09,MOA,3
208,FEU,DLSU,0,8,4,3,J. Parker,2,jump shot,2018.09.09,MOA,0
209,FEU,DLSU,0,-10,74,41,A. Tolentino,3,jump shot,2018.09.09,MOA,0
210,FEU,DLSU,1,-7,3,41,A. Tolentino,2,lay up,2018.09.09,MOA,2
211,FEU,DLSU,1,-16,9,20,K. Tuffin,2,jump shot,2018.09.09,MOA,2
212,FEU,DLSU,0,10,22,5,A. Inigo,2,jump shot,2018.09.09,MOA,0
213,FEU,DLSU,1,-2,50,21,R. Escoto,2,jump shot,2018.09.09,MOA,2
214,FEU,DLSU,0,-9,57,21,R. Escoto,2,jump shot,2018.09.09,MOA,0
215,FEU,DLSU,1,40,33,5,A. Inigo,2,jump shot,2018.09.09,MOA,2
216,FEU,DLSU,0,33,21,8,B. Ebona,2,jump shot,2018.09.09,MOA,0
217,FEU,DLSU,0,18,15,21,R. Escoto,2,jump shot,2018.09.09,MOA,0
218,FEU,DLSU,1,4,78,5,A. Inigo,3,jump shot,2018.09.09,MOA,3
219,FEU,DLSU,0,0,17,2,A. Stockton,2,jump shot,2018.09.09,MOA,0
220,FEU,DLSU,0,-68,-1,5,A. Inigo,3,jump shot,2018.09.09,MOA,0
221,FEU,DLSU,0,4,77,5,A. Inigo,3,jump shot,2018.09.09,MOA,0
222,FEU,DLSU,1,9,4,2,A. Stockton,2,lay up,2018.09.09,MOA,2
223,FEU,DLSU,0,11,9,41,A. Tolentino,2,jump shot,2018.09.09,MOA,0
224,FEU,DLSU,0,72,0,3,J. Parker,3,jump shot,2018.09.09,MOA,0
225,FEU,DLSU,1,6,55,9,H. Cani,2,jump shot,2018.09.09,MOA,2
226,FEU,DLSU,1,71,8,20,K. Tuffin,3,jump shot,2018.09.09,MOA,3
227,FEU,DLSU,0,46,60,9,H. Cani,3,jump shot,2018.09.09,MOA,0
228,FEU,DLSU,1,31,74,41,A. Tolentino,3,jump shot,2018.09.09,MOA,3
229,FEU,DLSU,1,9,5,3,J. Parker,2,lay up,2018.09.09,MOA,2
230,FEU,DLSU,1,-38,35,9,H. Cani,2,jump shot,2018.09.09,MOA,2
231,FEU,DLSU,0,-12,7,3,J. Parker,2,jump shot,2018.09.09,MOA,0
232,FEU,DLSU,0,-49,58,41,A. Tolentino,3,jump shot,2018.09.09,MOA,0
233,DLSU,FEU,0,-46,32,19,J. Baltazar,2,jump shot,2018.09.09,MOA,0
234,DLSU,FEU,0,15,23,19,J. Baltazar,2,jump shot,2018.09.09,MOA,0
235,DLSU,FEU,0,-14,10,19,J. Baltazar,2,jump shot,2018.09.09,MOA,0
236,DLSU,FEU,0,19,47,30,A. Caracut,2,jump shot,2018.09.09,MOA,0
237,DLSU,FEU,1,-9,4,15,K. Montalbo,2,lay up,2018.09.09,MOA,2
238,DLSU,FEU,1,-7,10,25,L. Santillian,2,jump shot,2018.09.09,MOA,2
239,DLSU,FEU,1,28,72,25,L. Santillian,3,jump shot,2018.09.09,MOA,3
240,DLSU,FEU,1,-7,5,25,L. Santillian,2,lay up,2018.09.09,MOA,2
241,DLSU,FEU,0,-13,74,11,A. Melecio,3,jump shot,2018.09.09,MOA,0
242,DLSU,FEU,1,-2,31,25,L. Santillian,2,jump shot,2018.09.09,MOA,2
243,DLSU,FEU,0,-34,2,3,M. Corteza,2,jump shot,2018.09.09,MOA,0
244,DLSU,FEU,0,-21,39,25,L. Santillian,2,jump shot,2018.09.09,MOA,0
245,DLSU,FEU,0,-50,54,2,K. Samuel,3,jump shot,2018.09.09,MOA,0
246,DLSU,FEU,0,69,5,2,K. Samuel,3,jump shot,2018.09.09,MOA,0
247,DLSU,FEU,0,19,37,25,L. Santillian,2,jump shot,2018.09.09,MOA,0
248,DLSU,FEU,1,-59,0,11,A. Melecio,2,jump shot,2018.09.09,MOA,2
249,DLSU,FEU,0,-52,18,16,J. Go,2,jump shot,2018.09.09,MOA,0
250,DLSU,FEU,0,30,68,11,A. Melecio,3,jump shot,2018.09.09,MOA,0
251,DLSU,FEU,0,-9,3,18,F. Serrano,2,jump shot,2018.09.09,MOA,0
252,DLSU,FEU,0,-18,14,7,M. Dyke,2,jump shot,2018.09.09,MOA,0
253,DLSU,FEU,0,11,14,19,J. Baltazar,2,jump shot,2018.09.09,MOA,0
254,DLSU,FEU,0,8,3,18,F. Serrano,2,jump shot,2018.09.09,MOA,0
255,DLSU,FEU,1,6,3,19,J. Baltazar,2,jump shot,2018.09.09,MOA,2
256,DLSU,FEU,1,-52,36,30,A. Caracut,2,jump shot,2018.09.09,MOA,2
257,DLSU,FEU,0,43,64,18,F. Serrano,3,jump shot,2018.09.09,MOA,0
258,DLSU,FEU,0,67,30,30,A. Caracut,3,jump shot,2018.09.09,MOA,0
259,DLSU,FEU,0,37,66,19,J. Baltazar,3,jump shot,2018.09.09,MOA,0
260,DLSU,FEU,0,-1,78,24,G. Capacio,3,jump shot,2018.09.09,MOA,0
261,DLSU,FEU,1,-10,3,19,J. Baltazar,2,lay up,2018.09.09,MOA,2
262,DLSU,FEU,0,-45,24,24,G. Capacio,2,jump shot,2018.09.09,MOA,0
263,DLSU,FEU,1,-11,8,11,A. Melecio,2,lay up,2018.09.09,MOA,2
264,DLSU,FEU,0,37,38,25,L. Santillian,2,jump shot,2018.09.09,MOA,0
265,DLSU,FEU,0,-47,68,15,K. Montalbo,3,jump shot,2018.09.09,MOA,0
266,DLSU,FEU,1,10,6,19,J. Baltazar,2,lay up,2018.09.09,MOA,2
267,DLSU,FEU,1,-11,24,30,A. Caracut,2,jump shot,2018.09.09,MOA,2
268,DLSU,FEU,1,-9,6,19,J. Baltazar,2,lay up,2018.09.09,MOA,2
269,DLSU,FEU,0,21,50,30,A. Caracut,2,jump shot,2018.09.09,MOA,0
270,DLSU,FEU,1,-8,34,11,A. Melecio,2,jump shot,2018.09.09,MOA,2
271,DLSU,FEU,0,-9,4,15,K. Montalbo,2,jump shot,2018.09.09,MOA,0
272,DLSU,FEU,1,8,2,25,L. Santillian,2,lay up,2018.09.09,MOA,2
273,DLSU,FEU,1,19,34,30,A. Caracut,2,jump shot,2018.09.09,MOA,2
274,DLSU,FEU,0,6,5,11,A. Melecio,2,jump shot,2018.09.09,MOA,0
275,DLSU,FEU,0,9,6,15,K. Montalbo,2,jump shot,2018.09.09,MOA,0
276,DLSU,FEU,0,39,27,16,J. Go,2,jump shot,2018.09.09,MOA,0
277,DLSU,FEU,0,8,24,30,A. Caracut,2,jump shot,2018.09.09,MOA,0
278,DLSU,FEU,1,17,76,25,L. Santillian,3,jump shot,2018.09.09,MOA,3
279,DLSU,FEU,0,64,35,16,J. Go,3,jump shot,2018.09.09,MOA,0
280,DLSU,FEU,0,-56,50,11,A. Melecio,3,jump shot,2018.09.09,MOA,0
281,DLSU,FEU,1,-49,55,15,K. Montalbo,3,jump shot,2018.09.09,MOA,3
282,DLSU,FEU,0,-48,61,11,A. Melecio,3,jump shot,2018.09.09,MOA,0
283,DLSU,FEU,0,4,36,18,F. Serrano,2,jump shot,2018.09.09,MOA,0
284,DLSU,FEU,1,-1,8,30,A. Caracut,2,lay up,2018.09.09,MOA,2
285,DLSU,FEU,0,-15,4,30,A. Caracut,2,jump shot,2018.09.09,MOA,0
286,DLSU,FEU,1,6,3,32,B. Bates,2,jump shot,2018.09.09,MOA,2
287,DLSU,FEU,0,5,36,15,K. Montalbo,2,jump shot,2018.09.09,MOA,0
288,DLSU,FEU,0,-59,42,15,K. Montalbo,3,jump shot,2018.09.09,MOA,0
289,DLSU,FEU,1,6,7,18,F. Serrano,2,lay up,2018.09.09,MOA,2
290,DLSU,FEU,0,-34,66,11,A. Melecio,3,jump shot,2018.09.09,MOA,0
291,DLSU,FEU,0,35,67,18,F. Serrano,3,jump shot,2018.09.09,MOA,0
292,DLSU,FEU,0,34,5,11,A. Melecio,2,jump shot,2018.09.09,MOA,0
293,DLSU,FEU,1,0,47,25,L. Santillian,2,jump shot,2018.09.09,MOA,2
294,DLSU,FEU,0,31,76,15,K. Montalbo,3,jump shot,2018.09.09,MOA,0
295,DLSU,FEU,1,32,68,25,L. Santillian,3,jump shot,2018.09.09,MOA,3
296,DLSU,FEU,0,-37,0,11,A. Melecio,2,jump shot,2018.09.09,MOA,0
297,DLSU,FEU,0,-4,29,25,L. Santillian,2,jump shot,2018.09.09,MOA,0
298,DLSU,FEU,0,-41,60,11,A. Melecio,3,jump shot,2018.09.09,MOA,0
299,DLSU,FEU,0,19,37,30,A. Caracut,2,jump shot,2018.09.09,MOA,0
300,DLSU,FEU,1,6,5,11,A. Melecio,2,lay up,2018.09.09,MOA,2
301,DLSU,FEU,0,-49,58,25,L. Santillian,3,jump shot,2018.09.09,MOA,0
302,DLSU,FEU,0,-58,50,11,A. Melecio,3,jump shot,2018.09.09,MOA,0
303,DLSU,FEU,1,70,-2,11,A. Melecio,3,jump shot,2018.09.09,MOA,3
304,DLSU,FEU,0,61,90,15,K. Montalbo,3,jump shot,2018.09.09,MOA,0
305,ADMU,ADU,1,-44,59,12,M. Nieto,3,jump shot,2018.09.09,MOA,3
306,ADMU,ADU,0,38,68,0,T. Ravena,3,jump shot,2018.09.09,MOA,0
307,ADMU,ADU,0,65,34,4,A. Asistio,3,jump shot,2018.09.09,MOA,0
308,ADMU,ADU,0,-3,76,34,A. Kouame,3,jump shot,2018.09.09,MOA,0
309,ADMU,ADU,1,5,10,12,M. Nieto,2,jump shot,2018.09.09,MOA,2
310,ADMU,ADU,0,-48,56,12,M. Nieto,3,jump shot,2018.09.09,MOA,0
311,ADMU,ADU,0,-2,12,34,A. Kouame,2,jump shot,2018.09.09,MOA,0
312,ADMU,ADU,0,-6,4,34,A. Kouame,2,jump shot,2018.09.09,MOA,0
313,ADMU,ADU,0,-32,9,4,A. Asistio,2,jump shot,2018.09.09,MOA,0
314,ADMU,ADU,1,63,38,11,I. Go,3,jump shot,2018.09.09,MOA,3
315,ADMU,ADU,1,54,49,4,A. Asistio,3,jump shot,2018.09.09,MOA,3
316,ADMU,ADU,0,62,40,4,A. Asistio,3,jump shot,2018.09.09,MOA,0
317,ADMU,ADU,1,-41,64,0,T. Ravena,3,jump shot,2018.09.09,MOA,3
318,ADMU,ADU,0,33,43,0,T. Ravena,2,jump shot,2018.09.09,MOA,0
319,ADMU,ADU,0,5,76,11,I. Go,3,jump shot,2018.09.09,MOA,0
320,ADMU,ADU,0,14,34,7,M. Nieto,2,jump shot,2018.09.09,MOA,0
321,ADMU,ADU,0,52,53,19,T. Tio,3,jump shot,2018.09.09,MOA,0
322,ADMU,ADU,0,7,73,11,I. Go,3,jump shot,2018.09.09,MOA,0
323,ADMU,ADU,0,-47,21,22,R. Verano,2,jump shot,2018.09.09,MOA,0
324,ADMU,ADU,1,29,74,7,M. Nieto,3,jump shot,2018.09.09,MOA,3
325,ADMU,ADU,0,61,43,7,M. Nieto,3,jump shot,2018.09.09,MOA,0
326,ADMU,ADU,0,-8,5,3,A. Wong,2,jump shot,2018.09.09,MOA,0
327,ADMU,ADU,1,-3,80,22,R. Verano,3,jump shot,2018.09.09,MOA,3
328,ADMU,ADU,0,-5,22,22,R. Verano,2,jump shot,2018.09.09,MOA,0
329,ADMU,ADU,1,-22,2,0,T. Ravena,2,jump shot,2018.09.09,MOA,2
330,ADMU,ADU,0,-6,3,0,T. Ravena,2,jump shot,2018.09.09,MOA,0
331,ADMU,ADU,1,-8,1,8,A. Black,2,lay up,2018.09.09,MOA,2
332,ADMU,ADU,0,-61,42,10,J. Mendoza,3,jump shot,2018.09.09,MOA,0
333,ADMU,ADU,0,0,31,8,A. Black,2,jump shot,2018.09.09,MOA,0
334,ADMU,ADU,1,-66,33,10,J. Mendoza,3,jump shot,2018.09.09,MOA,3
335,ADMU,ADU,1,6,8,8,A. Black,2,lay up,2018.09.09,MOA,2
336,ADMU,ADU,1,-23,9,13,W. Navarro,2,jump shot,2018.09.09,MOA,2
337,ADMU,ADU,1,37,69,11,I. Go,3,jump shot,2018.09.09,MOA,3
338,ADMU,ADU,0,22,8,13,W. Navarro,2,jump shot,2018.09.09,MOA,0
339,ADMU,ADU,1,-15,6,12,M. Nieto,2,lay up,2018.09.09,MOA,2
340,ADMU,ADU,0,51,56,13,W. Navarro,3,jump shot,2018.09.09,MOA,0
341,ADMU,ADU,0,6,0,12,M. Nieto,2,jump shot,2018.09.09,MOA,0
342,ADMU,ADU,1,-1,45,4,A. Asistio,2,jump shot,2018.09.09,MOA,2
343,ADMU,ADU,0,18,19,0,T. Ravena,2,jump shot,2018.09.09,MOA,0
344,ADMU,ADU,0,45,65,13,W. Navarro,3,jump shot,2018.09.09,MOA,0
345,ADMU,ADU,0,-56,52,0,T. Ravena,3,jump shot,2018.09.09,MOA,0
346,ADMU,ADU,0,-18,75,12,M. Nieto,3,jump shot,2018.09.09,MOA,0
347,ADMU,ADU,0,-40,59,11,I. Go,3,jump shot,2018.09.09,MOA,0
348,ADMU,ADU,0,3,81,22,R. Verano,3,jump shot,2018.09.09,MOA,0
349,ADMU,ADU,0,9,2,7,M. Nieto,2,jump shot,2018.09.09,MOA,0
350,ADMU,ADU,0,-43,63,10,J. Mendoza,3,jump shot,2018.09.09,MOA,0
351,ADMU,ADU,0,-11,4,34,A. Kouame,2,jump shot,2018.09.09,MOA,0
352,ADMU,ADU,0,-32,69,3,A. Wong,3,jump shot,2018.09.09,MOA,0
353,ADMU,ADU,1,15,17,22,R. Verano,2,jump shot,2018.09.09,MOA,2
354,ADMU,ADU,0,-7,8,10,J. Mendoza,2,jump shot,2018.09.09,MOA,0
355,ADMU,ADU,0,20,0,0,T. Ravena,2,jump shot,2018.09.09,MOA,0
356,ADMU,ADU,0,-18,9,13,W. Navarro,2,jump shot,2018.09.09,MOA,0
357,ADMU,ADU,1,10,2,13,W. Navarro,2,lay up,2018.09.09,MOA,2
358,ADMU,ADU,0,10,6,13,W. Navarro,2,jump shot,2018.09.09,MOA,0
359,ADMU,ADU,1,10,2,12,M. Nieto,2,jump shot,2018.09.09,MOA,2
360,ADMU,ADU,0,0,19,13,W. Navarro,2,jump shot,2018.09.09,MOA,0
361,ADMU,ADU,0,29,77,12,M. Nieto,3,jump shot,2018.09.09,MOA,0
362,ADMU,ADU,0,69,6,7,M. Nieto,3,jump shot,2018.09.09,MOA,0
363,ADMU,ADU,0,-61,46,12,M. Nieto,3,jump shot,2018.09.09,MOA,0
364,ADMU,ADU,1,10,2,12,M. Nieto,2,lay up,2018.09.09,MOA,2
365,ADMU,ADU,0,-21,16,12,M. Nieto,2,jump shot,2018.09.09,MOA,0
366,ADMU,ADU,0,61,5,4,A. Asistio,2,jump shot,2018.09.09,MOA,0
367,ADMU,ADU,0,-34,67,0,T. Ravena,3,jump shot,2018.09.09,MOA,0
368,ADMU,ADU,0,-40,10,22,R. Verano,2,jump shot,2018.09.09,MOA,0
369,ADMU,ADU,0,14,3,7,M. Nieto,2,jump shot,2018.09.09,MOA,0
370,ADMU,ADU,0,39,65,22,R. Verano,3,jump shot,2018.09.09,MOA,0
371,ADMU,ADU,0,12,72,11,I. Go,3,jump shot,2018.09.09,MOA,0
372,ADMU,ADU,1,-1,2,0,T. Ravena,2,dunk,2018.09.09,MOA,2
373,ADMU,ADU,0,-23,71,0,T. Ravena,3,jump shot,2018.09.09,MOA,0
374,ADMU,ADU,0,0,78,0,T. Ravena,3,jump shot,2018.09.09,MOA,0
375,ADMU,ADU,0,57,51,12,M. Nieto,3,jump shot,2018.09.09,MOA,0
376,ADU,ADMU,0,15,21,21,P. Sarr,2,jump shot,2018.09.09,MOA,0
377,ADU,ADMU,1,-2,79,2,J. Ahanmisi,3,jump shot,2018.09.09,MOA,3
378,ADU,ADMU,1,-5,59,21,P. Sarr,2,jump shot,2018.09.09,MOA,2
379,ADU,ADMU,1,0,9,29,V. Magbuhos,2,lay up,2018.09.09,MOA,2
380,ADU,ADMU,0,-14,4,21,P. Sarr,2,jump shot,2018.09.09,MOA,0
381,ADU,ADMU,0,-26,71,1,S. Manganti,3,jump shot,2018.09.09,MOA,0
382,ADU,ADMU,0,-43,63,2,J. Ahanmisi,3,jump shot,2018.09.09,MOA,0
383,ADU,ADMU,0,-32,7,21,P. Sarr,2,jump shot,2018.09.09,MOA,0
384,ADU,ADMU,1,-22,16,21,P. Sarr,2,jump shot,2018.09.09,MOA,2
385,ADU,ADMU,1,-7,13,4,C. Catapusan,2,lay up,2018.09.09,MOA,2
386,ADU,ADMU,1,-5,5,11,J. Espeleta,2,lay up,2018.09.09,MOA,2
387,ADU,ADMU,0,-48,54,7,J. Lastimosa,3,jump shot,2018.09.09,MOA,0
388,ADU,ADMU,0,-9,6,20,K. Bernardo,2,jump shot,2018.09.09,MOA,0
389,ADU,ADMU,0,-5,18,21,P. Sarr,2,jump shot,2018.09.09,MOA,0
390,ADU,ADMU,0,63,39,2,J. Ahanmisi,3,jump shot,2018.09.09,MOA,0
391,ADU,ADMU,0,9,6,1,S. Manganti,2,jump shot,2018.09.09,MOA,0
392,ADU,ADMU,0,21,38,1,S. Manganti,2,jump shot,2018.09.09,MOA,0
393,ADU,ADMU,1,43,64,14,J. Pingoy,3,jump shot,2018.09.09,MOA,3
394,ADU,ADMU,1,65,28,19,E. Mojica,3,jump shot,2018.09.09,MOA,3
395,ADU,ADMU,0,29,70,14,J. Pingoy,3,jump shot,2018.09.09,MOA,0
396,ADU,ADMU,0,-71,-5,19,E. Mojica,3,jump shot,2018.09.09,MOA,0
397,ADU,ADMU,1,12,5,2,J. Ahanmisi,2,jump shot,2018.09.09,MOA,2
398,ADU,ADMU,1,40,65,2,J. Ahanmisi,3,jump shot,2018.09.09,MOA,3
399,ADU,ADMU,1,-8,2,11,J. Espeleta,2,jump shot,2018.09.09,MOA,2
400,ADU,ADMU,1,8,4,7,J. Lastimosa,2,jump shot,2018.09.09,MOA,2
401,ADU,ADMU,1,-15,6,7,J. Lastimosa,2,jump shot,2018.09.09,MOA,2
402,ADU,ADMU,1,4,115,2,J. Ahanmisi,3,jump shot,2018.09.09,MOA,3
403,ADU,ADMU,0,-22,71,7,J. Lastimosa,3,jump shot,2018.09.09,MOA,0
404,ADU,ADMU,0,-63,39,1,S. Manganti,3,jump shot,2018.09.09,MOA,0
405,ADU,ADMU,1,-7,2,29,V. Magbuhos,2,lay up,2018.09.09,MOA,2
406,ADU,ADMU,0,-41,63,2,J. Ahanmisi,3,jump shot,2018.09.09,MOA,0
407,ADU,ADMU,0,6,8,21,P. Sarr,2,jump shot,2018.09.09,MOA,0
408,ADU,ADMU,1,6,3,29,V. Magbuhos,2,lay up,2018.09.09,MOA,2
409,ADU,ADMU,0,-18,1,21,P. Sarr,2,jump shot,2018.09.09,MOA,0
410,ADU,ADMU,1,10,20,2,J. Ahanmisi,2,jump shot,2018.09.09,MOA,2
411,ADU,ADMU,0,-7,4,21,P. Sarr,2,jump shot,2018.09.09,MOA,0
412,ADU,ADMU,0,17,15,1,S. Manganti,2,jump shot,2018.09.09,MOA,0
413,ADU,ADMU,0,-10,9,21,P. Sarr,2,jump shot,2018.09.09,MOA,0
414,ADU,ADMU,0,8,7,2,J. Ahanmisi,2,jump shot,2018.09.09,MOA,0
415,ADU,ADMU,0,62,42,2,J. Ahanmisi,3,jump shot,2018.09.09,MOA,0
416,ADU,ADMU,0,-46,62,1,S. Manganti,3,jump shot,2018.09.09,MOA,0
417,ADU,ADMU,1,13,76,2,J. Ahanmisi,3,jump shot,2018.09.09,MOA,3
418,ADU,ADMU,0,-10,3,21,P. Sarr,2,jump shot,2018.09.09,MOA,0
419,ADU,ADMU,0,-1,14,1,S. Manganti,2,jump shot,2018.09.09,MOA,0
420,ADU,ADMU,0,-10,11,1,S. Manganti,2,jump shot,2018.09.09,MOA,0
421,ADU,ADMU,0,27,5,2,J. Ahanmisi,2,jump shot,2018.09.09,MOA,0
422,ADU,ADMU,0,-46,59,11,J. Espeleta,3,jump shot,2018.09.09,MOA,0
423,ADU,ADMU,0,41,19,10,S. Camacho,2,jump shot,2018.09.09,MOA,0
424,ADU,ADMU,0,27,33,17,J. Colonia,2,jump shot,2018.09.09,MOA,0
425,ADU,ADMU,0,-45,45,7,J. Lastimosa,2,jump shot,2018.09.09,MOA,0
426,ADU,ADMU,0,69,-3,2,J. Ahanmisi,3,jump shot,2018.09.09,MOA,0
427,ADU,ADMU,1,8,12,21,P. Sarr,2,jump shot,2018.09.09,MOA,2
428,ADU,ADMU,1,-7,5,11,J. Espeleta,2,lay up,2018.09.09,MOA,2
429,ADU,ADMU,0,-11,73,11,J. Espeleta,3,jump shot,2018.09.09,MOA,0
430,ADU,ADMU,0,59,46,4,C. Catapusan,3,jump shot,2018.09.09,MOA,0
431,ADU,ADMU,1,-64,-2,2,J. Ahanmisi,2,jump shot,2018.09.09,MOA,2
432,ADU,ADMU,0,-12,3,2,J. Ahanmisi,2,jump shot,2018.09.09,MOA,0
433,ADU,ADMU,1,-11,3,29,V. Magbuhos,2,jump shot,2018.09.09,MOA,2
434,ADU,ADMU,1,30,4,4,C. Catapusan,2,jump shot,2018.09.09,MOA,2
435,ADU,ADMU,0,20,39,14,J. Pingoy,2,jump shot,2018.09.09,MOA,0
436,ADU,ADMU,1,-6,3,4,C. Catapusan,2,jump shot,2018.09.09,MOA,2
437,ADU,ADMU,0,-53,56,2,J. Ahanmisi,3,jump shot,2018.09.09,MOA,0
438,ADU,ADMU,0,7,4,29,V. Magbuhos,2,jump shot,2018.09.09,MOA,0
439,ADU,ADMU,1,-17,8,2,J. Ahanmisi,2,jump shot,2018.09.09,MOA,2
440,ADU,ADMU,0,-31,72,1,S. Manganti,3,jump shot,2018.09.09,MOA,0
441,ADU,ADMU,1,11,4,21,P. Sarr,2,jump shot,2018.09.09,MOA,2
442,UST,FEU,0,-49,57,27,C. Cansino,3,jump shot,2018.09.12,SAC,0
443,UST,FEU,0,-62,47,8,K. Zamora,3,jump shot,2018.09.12,SAC,0
444,UST,FEU,1,-69,0,6,M. Lee,3,jump shot,2018.09.12,SAC,3
445,UST,FEU,1,17,37,13,Z. Huang,2,jump shot,2018.09.12,SAC,2
446,UST,FEU,0,-22,2,11,E. Caunan,2,jump shot,2018.09.12,SAC,0
447,UST,FEU,0,2,23,13,Z. Huang,2,jump shot,2018.09.12,SAC,0
448,UST,FEU,0,-68,-7,27,C. Cansino,3,jump shot,2018.09.12,SAC,0
449,UST,FEU,0,-2,22,7,J. Marcos,2,jump shot,2018.09.12,SAC,0
450,UST,FEU,0,8,10,0,S. Akomo,2,jump shot,2018.09.12,SAC,0
451,UST,FEU,1,4,7,5,R. Subido,2,lay up,2018.09.12,SAC,2
452,UST,FEU,0,-29,3,4,M. Bonleon,2,jump shot,2018.09.12,SAC,0
453,UST,FEU,0,73,49,7,J. Marcos,3,jump shot,2018.09.12,SAC,0
454,UST,FEU,0,64,39,5,R. Subido,3,jump shot,2018.09.12,SAC,0
455,UST,FEU,0,2,29,5,R. Subido,2,jump shot,2018.09.12,SAC,0
456,UST,FEU,0,-10,10,5,R. Subido,2,jump shot,2018.09.12,SAC,0
457,UST,FEU,1,13,27,0,S. Akomo,2,jump shot,2018.09.12,SAC,2
458,UST,FEU,1,2,32,6,M. Lee,2,jump shot,2018.09.12,SAC,2
459,UST,FEU,0,-3,38,16,N. Consejo,2,jump shot,2018.09.12,SAC,0
460,UST,FEU,1,-5,0,0,S. Akomo,2,dunk,2018.09.12,SAC,2
461,UST,FEU,1,46,64,5,R. Subido,3,jump shot,2018.09.12,SAC,3
462,UST,FEU,0,3,83,5,R. Subido,3,jump shot,2018.09.12,SAC,0
463,UST,FEU,0,-73,0,27,C. Cansino,3,jump shot,2018.09.12,SAC,0
464,UST,FEU,0,3,0,26,G. Mahinay,2,jump shot,2018.09.12,SAC,0
465,UST,FEU,0,72,45,8,K. Zamora,3,jump shot,2018.09.12,SAC,0
466,UST,FEU,1,5,0,7,J. Marcos,2,lay up,2018.09.12,SAC,2
467,UST,FEU,1,57,55,8,K. Zamora,3,jump shot,2018.09.12,SAC,3
468,UST,FEU,0,-47,67,6,M. Lee,3,jump shot,2018.09.12,SAC,0
469,UST,FEU,1,-17,7,7,J. Marcos,2,jump shot,2018.09.12,SAC,2
470,UST,FEU,1,-54,66,7,J. Marcos,3,jump shot,2018.09.12,SAC,3
471,UST,FEU,1,4,1,7,J. Marcos,2,jump shot,2018.09.12,SAC,2
472,UST,FEU,1,-12,1,7,J. Marcos,2,jump shot,2018.09.12,SAC,2
473,UST,FEU,1,72,-1,27,C. Cansino,3,jump shot,2018.09.12,SAC,3
474,UST,FEU,0,15,13,7,J. Marcos,2,jump shot,2018.09.12,SAC,0
475,UST,FEU,0,29,28,6,M. Lee,2,jump shot,2018.09.12,SAC,0
476,UST,FEU,0,48,66,7,J. Marcos,3,jump shot,2018.09.12,SAC,0
477,UST,FEU,0,-26,-9,5,R. Subido,2,jump shot,2018.09.12,SAC,0
478,UST,FEU,0,64,74,8,K. Zamora,3,jump shot,2018.09.12,SAC,0
479,UST,FEU,0,44,63,8,K. Zamora,3,jump shot,2018.09.12,SAC,0
480,UST,FEU,0,-6,0,27,C. Cansino,2,jump shot,2018.09.12,SAC,0
481,UST,FEU,1,8,1,0,S. Akomo,2,jump shot,2018.09.12,SAC,2
482,UST,FEU,1,-34,66,6,M. Lee,3,jump shot,2018.09.12,SAC,3
483,UST,FEU,0,-20,80,8,K. Zamora,3,jump shot,2018.09.12,SAC,0
484,UST,FEU,0,-64,62,8,K. Zamora,3,jump shot,2018.09.12,SAC,0
485,UST,FEU,0,-45,83,6,M. Lee,3,jump shot,2018.09.12,SAC,0
486,UST,FEU,1,7,-4,0,S. Akomo,2,jump shot,2018.09.12,SAC,2
487,UST,FEU,0,-36,17,5,R. Subido,2,jump shot,2018.09.12,SAC,0
488,UST,FEU,1,-56,75,5,R. Subido,3,jump shot,2018.09.12,SAC,3
489,UST,FEU,0,-72,67,5,R. Subido,3,jump shot,2018.09.12,SAC,0
490,UST,FEU,0,-20,39,7,J. Marcos,2,jump shot,2018.09.12,SAC,0
491,UST,FEU,0,7,2,13,Z. Huang,2,jump shot,2018.09.12,SAC,0
492,UST,FEU,0,-71,-7,6,M. Lee,3,jump shot,2018.09.12,SAC,0
493,UST,FEU,0,9,-2,0,S. Akomo,2,jump shot,2018.09.12,SAC,0
494,UST,FEU,0,-11,5,13,Z. Huang,2,jump shot,2018.09.12,SAC,0
495,UST,FEU,0,27,73,5,R. Subido,3,jump shot,2018.09.12,SAC,0
496,UST,FEU,1,-57,69,5,R. Subido,3,jump shot,2018.09.12,SAC,3
497,UST,FEU,0,-29,0,13,Z. Huang,2,jump shot,2018.09.12,SAC,0
498,UST,FEU,1,-5,-1,13,Z. Huang,2,jump shot,2018.09.12,SAC,2
499,UST,FEU,0,-18,14,0,S. Akomo,2,jump shot,2018.09.12,SAC,0
500,UST,FEU,1,59,49,5,R. Subido,3,jump shot,2018.09.12,SAC,3
501,UST,FEU,0,-10,-7,27,C. Cansino,2,jump shot,2018.09.12,SAC,0
502,UST,FEU,1,1,0,27,C. Cansino,2,lay up,2018.09.12,SAC,2
503,UST,FEU,1,-35,-4,5,R. Subido,2,jump shot,2018.09.12,SAC,2
504,UST,FEU,1,48,39,13,Z. Huang,2,jump shot,2018.09.12,SAC,2
505,UST,FEU,0,73,-7,5,R. Subido,3,jump shot,2018.09.12,SAC,0
506,UST,FEU,0,-32,15,5,R. Subido,2,jump shot,2018.09.12,SAC,0
507,UST,FEU,1,-9,34,6,M. Lee,2,jump shot,2018.09.12,SAC,2
508,UST,FEU,0,-8,2,5,R. Subido,2,jump shot,2018.09.12,SAC,0
509,UST,FEU,0,72,1,27,C. Cansino,3,jump shot,2018.09.12,SAC,0
510,UST,FEU,1,-6,-2,26,G. Mahinay,2,jump shot,2018.09.12,SAC,2
511,UST,FEU,0,-65,45,6,M. Lee,3,jump shot,2018.09.12,SAC,0
512,UST,FEU,0,-14,35,26,G. Mahinay,2,jump shot,2018.09.12,SAC,0
513,UST,FEU,1,0,0,8,K. Zamora,2,lay up,2018.09.12,SAC,2
514,FEU,UST,0,14,-3,20,K. Tuffin,2,jump shot,2018.09.12,SAC,0
515,FEU,UST,1,-6,6,17,P. Orizu,2,jump shot,2018.09.12,SAC,2
516,FEU,UST,0,-5,4,3,J. Parker,2,jump shot,2018.09.12,SAC,0
517,FEU,UST,0,36,25,41,A. Tolentino,2,jump shot,2018.09.12,SAC,0
518,FEU,UST,1,3,0,17,P. Orizu,2,jump shot,2018.09.12,SAC,2
519,FEU,UST,1,-1,-1,3,J. Parker,2,lay up,2018.09.12,SAC,2
520,FEU,UST,1,-54,69,41,A. Tolentino,3,jump shot,2018.09.12,SAC,3
521,FEU,UST,1,3,0,20,K. Tuffin,2,jump shot,2018.09.12,SAC,2
522,FEU,UST,0,-16,-9,20,K. Tuffin,2,jump shot,2018.09.12,SAC,0
523,FEU,UST,0,-22,14,41,A. Tolentino,2,jump shot,2018.09.12,SAC,0
524,FEU,UST,0,-14,12,17,P. Orizu,2,jump shot,2018.09.12,SAC,0
525,FEU,UST,0,58,53,20,K. Tuffin,3,jump shot,2018.09.12,SAC,0
526,FEU,UST,1,1,11,8,B. Ebona,2,jump shot,2018.09.12,SAC,2
527,FEU,UST,0,-57,59,5,A. Inigo,3,jump shot,2018.09.12,SAC,0
528,FEU,UST,1,-4,-2,21,R. Escoto,2,lay up,2018.09.12,SAC,2
529,FEU,UST,1,44,23,9,H. Cani,2,jump shot,2018.09.12,SAC,2
530,FEU,UST,0,3,83,9,H. Cani,3,jump shot,2018.09.12,SAC,0
531,FEU,UST,0,-44,32,3,J. Parker,2,jump shot,2018.09.12,SAC,0
532,FEU,UST,0,-13,-7,41,A. Tolentino,2,jump shot,2018.09.12,SAC,0
533,FEU,UST,0,-4,2,17,P. Orizu,2,jump shot,2018.09.12,SAC,0
534,FEU,UST,1,10,13,3,J. Parker,2,jump shot,2018.09.12,SAC,2
535,FEU,UST,0,53,76,9,H. Cani,3,jump shot,2018.09.12,SAC,0
536,FEU,UST,0,53,23,3,J. Parker,2,jump shot,2018.09.12,SAC,0
537,FEU,UST,0,8,0,13,L. Gonzales,2,jump shot,2018.09.12,SAC,0
538,FEU,UST,0,9,6,8,B. Ebona,2,jump shot,2018.09.12,SAC,0
539,FEU,UST,1,5,4,21,R. Escoto,2,lay up,2018.09.12,SAC,2
540,FEU,UST,0,-28,86,21,R. Escoto,3,jump shot,2018.09.12,SAC,0
541,FEU,UST,1,8,4,9,H. Cani,2,jump shot,2018.09.12,SAC,2
542,FEU,UST,1,-56,51,10,W. Comboy,3,jump shot,2018.09.12,SAC,3
543,FEU,UST,1,12,0,17,P. Orizu,2,jump shot,2018.09.12,SAC,2
544,FEU,UST,1,0,2,21,R. Escoto,2,lay up,2018.09.12,SAC,2
545,FEU,UST,1,2,2,21,R. Escoto,2,lay up,2018.09.12,SAC,2
546,FEU,UST,0,2,20,21,R. Escoto,2,jump shot,2018.09.12,SAC,0
547,FEU,UST,1,1,2,17,P. Orizu,2,jump shot,2018.09.12,SAC,2
548,FEU,UST,0,-32,8,9,H. Cani,2,jump shot,2018.09.12,SAC,0
549,FEU,UST,1,-4,3,10,W. Comboy,2,lay up,2018.09.12,SAC,2
550,FEU,UST,1,5,14,21,R. Escoto,2,jump shot,2018.09.12,SAC,2
551,FEU,UST,1,31,37,9,H. Cani,2,jump shot,2018.09.12,SAC,2
552,FEU,UST,0,-14,94,5,A. Inigo,3,jump shot,2018.09.12,SAC,0
553,FEU,UST,0,70,39,10,W. Comboy,3,jump shot,2018.09.12,SAC,0
554,FEU,UST,1,-7,12,17,P. Orizu,2,jump shot,2018.09.12,SAC,2
555,FEU,UST,1,-1,-1,17,P. Orizu,2,dunk,2018.09.12,SAC,2
556,FEU,UST,0,-3,39,10,W. Comboy,2,jump shot,2018.09.12,SAC,0
557,FEU,UST,1,10,4,17,P. Orizu,2,jump shot,2018.09.12,SAC,2
558,FEU,UST,0,-17,2,3,J. Parker,2,jump shot,2018.09.12,SAC,0
559,FEU,UST,0,30,24,3,J. Parker,2,jump shot,2018.09.12,SAC,0
560,FEU,UST,0,64,58,10,W. Comboy,3,jump shot,2018.09.12,SAC,0
561,FEU,UST,0,-4,12,8,B. Ebona,2,jump shot,2018.09.12,SAC,0
562,FEU,UST,1,2,0,9,H. Cani,2,lay up,2018.09.12,SAC,2
563,FEU,UST,0,-41,40,9,H. Cani,2,jump shot,2018.09.12,SAC,0
564,FEU,UST,1,-4,0,17,P. Orizu,2,jump shot,2018.09.12,SAC,2
565,FEU,UST,1,13,41,9,H. Cani,2,jump shot,2018.09.12,SAC,2
566,FEU,UST,1,-17,64,9,H. Cani,2,jump shot,2018.09.12,SAC,2
567,FEU,UST,0,-54,83,9,H. Cani,3,jump shot,2018.09.12,SAC,0
568,FEU,UST,0,-3,4,9,H. Cani,2,jump shot,2018.09.12,SAC,0
569,FEU,UST,0,-52,47,5,A. Inigo,3,jump shot,2018.09.12,SAC,0
570,FEU,UST,0,4,17,21,R. Escoto,2,jump shot,2018.09.12,SAC,0
571,FEU,UST,0,1,10,10,W. Comboy,2,jump shot,2018.09.12,SAC,0
572,FEU,UST,1,4,-4,17,P. Orizu,2,dunk,2018.09.12,SAC,2
573,FEU,UST,0,-26,8,41,A. Tolentino,2,jump shot,2018.09.12,SAC,0
574,FEU,UST,0,-7,-6,41,A. Tolentino,2,jump shot,2018.09.12,SAC,0
575,FEU,UST,0,-61,51,10,W. Comboy,3,jump shot,2018.09.12,SAC,0
576,FEU,UST,1,-2,9,17,P. Orizu,2,jump shot,2018.09.12,SAC,2
577,FEU,UST,0,-10,75,10,W. Comboy,3,jump shot,2018.09.12,SAC,0
578,FEU,UST,1,-4,1,41,A. Tolentino,2,jump shot,2018.09.12,SAC,2
579,FEU,UST,0,5,7,21,R. Escoto,2,jump shot,2018.09.12,SAC,0
580,FEU,UST,1,0,6,17,P. Orizu,2,dunk,2018.09.12,SAC,2
581,FEU,UST,0,-11,6,9,H. Cani,2,jump shot,2018.09.12,SAC,0
582,FEU,UST,0,71,84,10,W. Comboy,3,jump shot,2018.09.12,SAC,0
583,FEU,UST,1,-70,30,9,H. Cani,3,jump shot,2018.09.12,SAC,3
584,FEU,UST,0,59,75,41,A. Tolentino,3,jump shot,2018.09.12,SAC,0
585,UP,ADMU,0,9,11,10,D. Murrell,2,jump shot,2018.09.12,SAC,0
586,UP,ADMU,1,-5,4,0,B. Akhuetie,2,jump shot,2018.09.12,SAC,2
587,UP,ADMU,0,-14,1,10,D. Murrell,2,jump shot,2018.09.12,SAC,0
588,UP,ADMU,0,6,0,1,Ju. Gomez de Liaño,2,jump shot,2018.09.12,SAC,0
589,UP,ADMU,1,3,2,18,P. Desiderio,2,lay up,2018.09.12,SAC,2
590,UP,ADMU,1,-70,-3,1,Ju. Gomez de Liaño,3,jump shot,2018.09.12,SAC,3
591,UP,ADMU,0,31,-5,13,J. Manzo,2,jump shot,2018.09.12,SAC,0
592,UP,ADMU,1,-6,2,18,P. Desiderio,2,jump shot,2018.09.12,SAC,2
593,UP,ADMU,1,14,31,1,Ju. Gomez de Liaño,2,jump shot,2018.09.12,SAC,2
594,UP,ADMU,1,3,3,15,C. Vito,2,jump shot,2018.09.12,SAC,2
595,UP,ADMU,0,-52,63,1,Ju. Gomez de Liaño,3,jump shot,2018.09.12,SAC,0
596,UP,ADMU,0,-4,4,5,D. Dario,2,jump shot,2018.09.12,SAC,0
597,UP,ADMU,1,-12,-3,18,P. Desiderio,2,jump shot,2018.09.12,SAC,2
598,UP,ADMU,0,55,-10,5,D. Dario,2,jump shot,2018.09.12,SAC,0
599,UP,ADMU,0,47,73,18,P. Desiderio,3,jump shot,2018.09.12,SAC,0
600,UP,ADMU,0,9,-2,6,Ja. Gomez de Liaño,2,jump shot,2018.09.12,SAC,0
601,UP,ADMU,0,-3,5,13,J. Manzo,2,jump shot,2018.09.12,SAC,0
602,UP,ADMU,1,-35,54,1,Ju. Gomez de Liaño,2,jump shot,2018.09.12,SAC,2
603,UP,ADMU,0,9,3,20,J. Prado,2,jump shot,2018.09.12,SAC,0
604,UP,ADMU,0,-3,-3,13,J. Manzo,2,jump shot,2018.09.12,SAC,0
605,UP,ADMU,1,3,0,1,Ju. Gomez de Liaño,2,dunk,2018.09.12,SAC,2
606,UP,ADMU,1,0,4,6,Ja. Gomez de Liaño,2,lay up,2018.09.12,SAC,2
607,UP,ADMU,1,63,58,1,Ju. Gomez de Liaño,3,jump shot,2018.09.12,SAC,3
608,UP,ADMU,0,-56,18,18,P. Desiderio,2,jump shot,2018.09.12,SAC,0
609,UP,ADMU,1,-70,29,6,Ja. Gomez de Liaño,3,jump shot,2018.09.12,SAC,3
610,UP,ADMU,0,-71,33,6,Ja. Gomez de Liaño,3,jump shot,2018.09.12,SAC,0
611,UP,ADMU,0,10,-1,6,Ja. Gomez de Liaño,2,jump shot,2018.09.12,SAC,0
612,UP,ADMU,1,-4,12,10,D. Murrell,2,jump shot,2018.09.12,SAC,2
613,UP,ADMU,1,63,6,18,P. Desiderio,2,jump shot,2018.09.12,SAC,2
614,UP,ADMU,0,-72,4,3,J. Spencer,3,jump shot,2018.09.12,SAC,0
615,UP,ADMU,0,70,52,13,J. Manzo,3,jump shot,2018.09.12,SAC,0
616,UP,ADMU,1,4,0,0,B. Akhuetie,2,jump shot,2018.09.12,SAC,2
617,UP,ADMU,1,-29,10,1,Ju. Gomez de Liaño,2,jump shot,2018.09.12,SAC,2
618,UP,ADMU,1,7,1,10,D. Murrell,2,jump shot,2018.09.12,SAC,2
619,UP,ADMU,1,-35,18,1,Ju. Gomez de Liaño,2,jump shot,2018.09.12,SAC,2
620,UP,ADMU,1,-6,0,18,P. Desiderio,2,jump shot,2018.09.12,SAC,2
621,UP,ADMU,1,-5,-2,13,J. Manzo,2,lay up,2018.09.12,SAC,2
622,UP,ADMU,0,-53,68,1,Ju. Gomez de Liaño,3,jump shot,2018.09.12,SAC,0
623,UP,ADMU,0,-1,2,10,D. Murrell,2,jump shot,2018.09.12,SAC,0
624,UP,ADMU,0,60,55,18,P. Desiderio,3,jump shot,2018.09.12,SAC,0
625,UP,ADMU,0,-16,0,0,B. Akhuetie,2,jump shot,2018.09.12,SAC,0
626,UP,ADMU,0,15,6,10,D. Murrell,2,jump shot,2018.09.12,SAC,0
627,UP,ADMU,0,-9,-2,18,P. Desiderio,2,jump shot,2018.09.12,SAC,0
628,UP,ADMU,0,1,3,0,B. Akhuetie,2,jump shot,2018.09.12,SAC,0
629,UP,ADMU,0,-9,-5,13,J. Manzo,2,jump shot,2018.09.12,SAC,0
630,UP,ADMU,0,8,2,18,P. Desiderio,2,jump shot,2018.09.12,SAC,0
631,UP,ADMU,0,-34,29,1,Ju. Gomez de Liaño,2,jump shot,2018.09.12,SAC,0
632,UP,ADMU,1,56,45,13,J. Manzo,3,jump shot,2018.09.12,SAC,3
633,UP,ADMU,0,7,-2,0,B. Akhuetie,2,jump shot,2018.09.12,SAC,0
634,UP,ADMU,0,8,-4,6,Ja. Gomez de Liaño,2,jump shot,2018.09.12,SAC,0
635,UP,ADMU,1,1,7,0,B. Akhuetie,2,jump shot,2018.09.12,SAC,2
636,UP,ADMU,0,-68,74,13,J. Manzo,3,jump shot,2018.09.12,SAC,0
637,UP,ADMU,1,55,55,13,J. Manzo,3,jump shot,2018.09.12,SAC,3
638,UP,ADMU,1,-6,0,20,J. Prado,2,jump shot,2018.09.12,SAC,2
639,UP,ADMU,0,-73,39,17,F. Jaboneta,3,jump shot,2018.09.12,SAC,0
640,UP,ADMU,1,-10,5,1,Ju. Gomez de Liaño,2,lay up,2018.09.12,SAC,2
641,UP,ADMU,0,11,6,19,W. Gozum,2,jump shot,2018.09.12,SAC,0
642,UP,ADMU,1,-8,0,18,P. Desiderio,2,jump shot,2018.09.12,SAC,2
643,UP,ADMU,0,-21,45,1,Ju. Gomez de Liaño,2,jump shot,2018.09.12,SAC,0
644,UP,ADMU,0,68,34,1,Ju. Gomez de Liaño,3,jump shot,2018.09.12,SAC,0
645,UP,ADMU,1,-6,-1,18,P. Desiderio,2,lay up,2018.09.12,SAC,2
646,UP,ADMU,1,4,-2,1,Ju. Gomez de Liaño,2,lay up,2018.09.12,SAC,2
647,UP,ADMU,0,-23,6,0,B. Akhuetie,2,jump shot,2018.09.12,SAC,0
648,UP,ADMU,1,1,30,0,B. Akhuetie,2,jump shot,2018.09.12,SAC,2
649,UP,ADMU,1,9,1,5,D. Dario,2,lay up,2018.09.12,SAC,2
650,UP,ADMU,0,-61,51,18,P. Desiderio,3,jump shot,2018.09.12,SAC,0
651,UP,ADMU,0,-53,60,0,B. Akhuetie,3,jump shot,2018.09.12,SAC,0
652,UP,ADMU,1,-63,47,1,Ju. Gomez de Liaño,3,jump shot,2018.09.12,SAC,3
653,UP,ADMU,0,7,27,19,W. Gozum,2,jump shot,2018.09.12,SAC,0
654,UP,ADMU,1,6,-5,1,Ju. Gomez de Liaño,2,lay up,2018.09.12,SAC,2
655,UP,ADMU,0,69,-7,12,J. Lim,3,jump shot,2018.09.12,SAC,0
656,UP,ADMU,0,-21,-4,1,Ju. Gomez de Liaño,2,jump shot,2018.09.12,SAC,0
657,UP,ADMU,0,-1,3,13,J. Manzo,2,jump shot,2018.09.12,SAC,0
658,UP,ADMU,1,63,53,1,Ju. Gomez de Liaño,3,jump shot,2018.09.12,SAC,3
659,UP,ADMU,0,0,2,0,B. Akhuetie,2,jump shot,2018.09.12,SAC,0
660,UP,ADMU,1,6,7,18,P. Desiderio,2,lay up,2018.09.12,SAC,2
661,ADMU,UP,0,-8,29,0,T. Ravena,2,jump shot,2018.09.12,SAC,0
662,ADMU,UP,1,2,10,34,A. Kouame,2,jump shot,2018.09.12,SAC,2
663,ADMU,UP,0,14,0,34,A. Kouame,2,jump shot,2018.09.12,SAC,0
664,ADMU,UP,1,68,-2,4,A. Asistio,3,jump shot,2018.09.12,SAC,3
665,ADMU,UP,1,-15,27,4,A. Asistio,2,jump shot,2018.09.12,SAC,2
666,ADMU,UP,0,18,7,4,A. Asistio,2,jump shot,2018.09.12,SAC,0
667,ADMU,UP,1,-2,10,22,R. Verano,2,jump shot,2018.09.12,SAC,2
668,ADMU,UP,1,-6,0,12,M. Nieto,2,lay up,2018.09.12,SAC,2
669,ADMU,UP,1,0,-4,0,T. Ravena,2,jump shot,2018.09.12,SAC,2
670,ADMU,UP,1,-65,45,3,A. Wong,3,jump shot,2018.09.12,SAC,3
671,ADMU,UP,0,28,50,3,A. Wong,2,jump shot,2018.09.12,SAC,0
672,ADMU,UP,0,-33,35,27,S. Belangel,2,jump shot,2018.09.12,SAC,0
673,ADMU,UP,0,66,44,7,M. Nieto,3,jump shot,2018.09.12,SAC,0
674,ADMU,UP,0,54,54,3,A. Wong,3,jump shot,2018.09.12,SAC,0
675,ADMU,UP,0,-7,3,7,M. Nieto,2,jump shot,2018.09.12,SAC,0
676,ADMU,UP,1,-71,3,11,I. Go,3,jump shot,2018.09.12,SAC,3
677,ADMU,UP,1,66,34,7,M. Nieto,3,jump shot,2018.09.12,SAC,3
678,ADMU,UP,0,-43,57,10,J. Mendoza,3,jump shot,2018.09.12,SAC,0
679,ADMU,UP,1,-4,4,7,M. Nieto,2,jump shot,2018.09.12,SAC,2
680,ADMU,UP,0,9,87,13,W. Navarro,3,jump shot,2018.09.12,SAC,0
681,ADMU,UP,1,-6,2,0,T. Ravena,2,lay up,2018.09.12,SAC,2
682,ADMU,UP,0,0,13,34,A. Kouame,2,jump shot,2018.09.12,SAC,0
683,ADMU,UP,1,6,13,0,T. Ravena,2,dunk,2018.09.12,SAC,2
684,ADMU,UP,1,-71,-8,4,A. Asistio,3,jump shot,2018.09.12,SAC,3
685,ADMU,UP,0,63,37,0,T. Ravena,3,jump shot,2018.09.12,SAC,0
686,ADMU,UP,0,49,54,11,I. Go,3,jump shot,2018.09.12,SAC,0
687,ADMU,UP,0,73,50,4,A. Asistio,3,jump shot,2018.09.12,SAC,0
688,ADMU,UP,0,-10,7,0,T. Ravena,2,jump shot,2018.09.12,SAC,0
689,ADMU,UP,1,3,4,8,A. Black,2,jump shot,2018.09.12,SAC,2
690,ADMU,UP,1,67,-2,4,A. Asistio,3,jump shot,2018.09.12,SAC,3
691,ADMU,UP,0,26,72,0,T. Ravena,3,jump shot,2018.09.12,SAC,0
692,ADMU,UP,0,74,4,0,T. Ravena,3,jump shot,2018.09.12,SAC,0
693,ADMU,UP,1,72,20,4,A. Asistio,3,jump shot,2018.09.12,SAC,3
694,ADMU,UP,0,4,7,4,A. Asistio,2,jump shot,2018.09.12,SAC,0
695,ADMU,UP,0,1,4,34,A. Kouame,2,jump shot,2018.09.12,SAC,0
696,ADMU,UP,1,-4,0,12,M. Nieto,2,lay up,2018.09.12,SAC,2
697,ADMU,UP,1,56,55,12,M. Nieto,3,jump shot,2018.09.12,SAC,3
698,ADMU,UP,0,-71,0,12,M. Nieto,3,jump shot,2018.09.12,SAC,0
699,ADMU,UP,1,3,4,34,A. Kouame,2,jump shot,2018.09.12,SAC,2
700,ADMU,UP,0,-23,-3,22,R. Verano,2,jump shot,2018.09.12,SAC,0
701,ADMU,UP,0,-60,53,3,A. Wong,3,jump shot,2018.09.12,SAC,0
702,ADMU,UP,0,46,4,10,J. Mendoza,2,jump shot,2018.09.12,SAC,0
703,ADMU,UP,0,3,49,11,I. Go,2,jump shot,2018.09.12,SAC,0
704,ADMU,UP,1,-67,38,10,J. Mendoza,3,jump shot,2018.09.12,SAC,3
705,ADMU,UP,0,-23,5,7,M. Nieto,2,jump shot,2018.09.12,SAC,0
706,ADMU,UP,0,68,-4,11,I. Go,3,jump shot,2018.09.12,SAC,0
707,ADMU,UP,0,-1,97,10,J. Mendoza,3,jump shot,2018.09.12,SAC,0
708,ADMU,UP,0,6,32,10,J. Mendoza,2,jump shot,2018.09.12,SAC,0
709,ADMU,UP,1,-9,0,11,I. Go,2,jump shot,2018.09.12,SAC,2
710,ADMU,UP,0,-55,63,11,I. Go,3,jump shot,2018.09.12,SAC,0
711,ADMU,UP,0,-2,3,11,I. Go,2,jump shot,2018.09.12,SAC,0
712,ADMU,UP,1,3,3,10,J. Mendoza,2,lay up,2018.09.12,SAC,2
713,ADMU,UP,1,-6,4,34,A. Kouame,2,dunk,2018.09.12,SAC,2
714,ADMU,UP,0,-11,7,13,W. Navarro,2,jump shot,2018.09.12,SAC,0
715,ADMU,UP,0,4,4,0,T. Ravena,2,jump shot,2018.09.12,SAC,0
716,ADMU,UP,0,1,17,22,R. Verano,2,jump shot,2018.09.12,SAC,0
717,ADMU,UP,1,-6,1,0,T. Ravena,2,jump shot,2018.09.12,SAC,2
718,ADMU,UP,0,-1,22,4,A. Asistio,2,jump shot,2018.09.12,SAC,0
719,ADMU,UP,1,-1,10,34,A. Kouame,2,jump shot,2018.09.12,SAC,2
720,ADMU,UP,1,-5,4,4,A. Asistio,2,lay up,2018.09.12,SAC,2
721,ADMU,UP,0,44,8,12,M. Nieto,2,jump shot,2018.09.12,SAC,0
722,ADMU,UP,0,65,51,12,M. Nieto,3,jump shot,2018.09.12,SAC,0
723,ADMU,UP,0,1,7,34,A. Kouame,2,jump shot,2018.09.12,SAC,0
724,ADMU,FEU,1,-42,68,22,R. Verano,3,jump shot,2018.10.10,SAC,3
725,ADMU,FEU,0,11,7,12,J. Nieto,2,jump shot,2018.10.10,SAC,0
726,ADMU,FEU,1,-9,-2,34,A. Kouame,2,jump shot,2018.10.10,SAC,2
727,ADMU,FEU,0,61,52,0,T. Ravena,3,jump shot,2018.10.10,SAC,0
728,ADMU,FEU,0,-5,-3,22,R. Verano,2,jump shot,2018.10.10,SAC,0
729,ADMU,FEU,1,-66,36,4,A. Asistio,3,jump shot,2018.10.10,SAC,3
730,ADMU,FEU,0,69,53,22,R. Verano,3,jump shot,2018.10.10,SAC,0
731,ADMU,FEU,0,10,24,4,A. Asistio,2,jump shot,2018.10.10,SAC,0
732,ADMU,FEU,1,-8,1,34,A. Kouame,2,alley oop,2018.10.10,SAC,2
733,ADMU,FEU,0,72,16,22,R. Verano,3,jump shot,2018.10.10,SAC,0
734,ADMU,FEU,1,4,-2,34,A. Kouame,2,jump shot,2018.10.10,SAC,2
735,ADMU,FEU,1,5,3,0,T. Ravena,2,jump shot,2018.10.10,SAC,2
736,ADMU,FEU,0,2,56,22,R. Verano,2,jump shot,2018.10.10,SAC,0
737,ADMU,FEU,1,3,2,22,R. Verano,2,lay up,2018.10.10,SAC,2
738,ADMU,FEU,0,64,38,12,J. Nieto,3,jump shot,2018.10.10,SAC,0
739,ADMU,FEU,0,-23,19,22,R. Verano,2,jump shot,2018.10.10,SAC,0
740,ADMU,FEU,0,28,18,4,A. Asistio,2,jump shot,2018.10.10,SAC,0
741,ADMU,FEU,1,62,65,10,J. Mendoza,3,jump shot,2018.10.10,SAC,3
742,ADMU,FEU,0,70,2,19,T. Tio,3,jump shot,2018.10.10,SAC,0
743,ADMU,FEU,0,34,76,13,W. Navarro,3,jump shot,2018.10.10,SAC,0
744,ADMU,FEU,0,41,43,13,W. Navarro,2,jump shot,2018.10.10,SAC,0
745,ADMU,FEU,0,-59,56,12,J. Nieto,3,jump shot,2018.10.10,SAC,0
746,ADMU,FEU,0,8,46,34,A. Kouame,2,jump shot,2018.10.10,SAC,0
747,ADMU,FEU,0,-59,47,10,J. Mendoza,3,jump shot,2018.10.10,SAC,0
748,ADMU,FEU,0,29,37,34,A. Kouame,2,jump shot,2018.10.10,SAC,0
749,ADMU,FEU,0,2,15,34,A. Kouame,2,jump shot,2018.10.10,SAC,0
750,ADMU,FEU,1,-2,6,0,T. Ravena,2,jump shot,2018.10.10,SAC,2
751,ADMU,FEU,0,-57,59,0,T. Ravena,3,jump shot,2018.10.10,SAC,0
752,ADMU,FEU,0,65,53,0,T. Ravena,3,jump shot,2018.10.10,SAC,0
753,ADMU,FEU,1,-6,0,34,A. Kouame,2,jump shot,2018.10.10,SAC,2
754,ADMU,FEU,0,74,15,3,A. Wong,3,jump shot,2018.10.10,SAC,0
755,ADMU,FEU,1,-29,30,0,T. Ravena,2,jump shot,2018.10.10,SAC,2
756,ADMU,FEU,0,9,2,11,I. Go,2,jump shot,2018.10.10,SAC,0
757,ADMU,FEU,0,4,5,11,I. Go,2,jump shot,2018.10.10,SAC,0
758,ADMU,FEU,0,63,57,0,T. Ravena,3,jump shot,2018.10.10,SAC,0
759,ADMU,FEU,0,51,71,4,A. Asistio,3,jump shot,2018.10.10,SAC,0
760,ADMU,FEU,0,13,4,11,I. Go,2,jump shot,2018.10.10,SAC,0
761,ADMU,FEU,1,-11,0,7,M. Nieto,2,jump shot,2018.10.10,SAC,2
762,ADMU,FEU,0,-54,99,4,A. Asistio,3,jump shot,2018.10.10,SAC,0
763,ADMU,FEU,0,-14,83,19,T. Tio,3,jump shot,2018.10.10,SAC,0
764,ADMU,FEU,0,49,68,4,A. Asistio,3,jump shot,2018.10.10,SAC,0
765,ADMU,FEU,0,-72,41,19,T. Tio,3,jump shot,2018.10.10,SAC,0
766,ADMU,FEU,0,5,2,0,T. Ravena,2,jump shot,2018.10.10,SAC,0
767,ADMU,FEU,0,-7,4,4,A. Asistio,2,jump shot,2018.10.10,SAC,0
768,ADMU,FEU,0,0,1,34,A. Kouame,2,jump shot,2018.10.10,SAC,0
769,ADMU,FEU,1,6,-2,22,R. Verano,2,jump shot,2018.10.10,SAC,2
770,ADMU,FEU,0,-5,78,22,R. Verano,3,jump shot,2018.10.10,SAC,0
771,ADMU,FEU,0,49,0,13,W. Navarro,2,jump shot,2018.10.10,SAC,0
772,ADMU,FEU,1,-14,36,5,G. Mamuyac,2,jump shot,2018.10.10,SAC,2
773,ADMU,FEU,0,63,41,27,S. Belangel,3,jump shot,2018.10.10,SAC,0
774,ADMU,FEU,0,-74,-7,7,M. Nieto,3,jump shot,2018.10.10,SAC,0
775,ADMU,FEU,0,-17,-4,27,S. Belangel,2,jump shot,2018.10.10,SAC,0
776,ADMU,FEU,1,11,29,5,G. Mamuyac,2,jump shot,2018.10.10,SAC,2
777,ADMU,FEU,0,-13,4,3,A. Wong,2,jump shot,2018.10.10,SAC,0
778,ADMU,FEU,1,28,-1,5,G. Mamuyac,2,jump shot,2018.10.10,SAC,2
779,ADMU,FEU,0,15,22,5,G. Mamuyac,2,jump shot,2018.10.10,SAC,0
780,ADMU,FEU,0,47,25,27,S. Belangel,2,jump shot,2018.10.10,SAC,0
781,ADMU,FEU,0,-72,-12,11,I. Go,3,jump shot,2018.10.10,SAC,0
782,ADMU,FEU,0,44,22,10,J. Mendoza,2,jump shot,2018.10.10,SAC,0
783,ADMU,FEU,1,-39,77,4,A. Asistio,3,jump shot,2018.10.10,SAC,3
784,ADMU,FEU,1,3,6,34,A. Kouame,2,dunk,2018.10.10,SAC,2
785,ADMU,FEU,0,53,73,7,M. Nieto,3,jump shot,2018.10.10,SAC,0
786,ADMU,FEU,0,0,6,0,T. Ravena,2,jump shot,2018.10.10,SAC,0
787,ADMU,FEU,0,5,14,7,M. Nieto,2,jump shot,2018.10.10,SAC,0
788,ADMU,FEU,0,47,56,10,J. Mendoza,3,jump shot,2018.10.10,SAC,0
789,ADMU,FEU,0,2,10,34,A. Kouame,2,jump shot,2018.10.10,SAC,0
790,ADMU,FEU,0,-74,24,4,A. Asistio,3,jump shot,2018.10.10,SAC,0
791,ADMU,FEU,1,52,57,7,M. Nieto,3,jump shot,2018.10.10,SAC,3
792,ADMU,FEU,1,-5,8,34,A. Kouame,2,lay up,2018.10.10,SAC,2
793,ADMU,FEU,1,8,0,7,M. Nieto,2,lay up,2018.10.10,SAC,2
794,ADMU,FEU,0,59,56,4,A. Asistio,3,jump shot,2018.10.10,SAC,0
795,ADMU,FEU,0,-10,2,7,M. Nieto,2,jump shot,2018.10.10,SAC,0
796,ADMU,FEU,1,13,0,34,A. Kouame,2,jump shot,2018.10.10,SAC,2
797,ADMU,FEU,0,-59,47,3,A. Wong,3,jump shot,2018.10.10,SAC,0
798,FEU,ADMU,1,-5,14,10,W. Comboy,2,lay up,2018.10.10,SAC,2
799,FEU,ADMU,0,55,75,3,J. Parker,3,jump shot,2018.10.10,SAC,0
800,FEU,ADMU,0,-71,-4,21,R. Escoto,3,jump shot,2018.10.10,SAC,0
801,FEU,ADMU,0,0,50,9,H. Cani,2,jump shot,2018.10.10,SAC,0
802,FEU,ADMU,0,50,-11,5,A. Inigo,2,jump shot,2018.10.10,SAC,0
803,FEU,ADMU,0,-3,3,17,P. Orizu,2,jump shot,2018.10.10,SAC,0
804,FEU,ADMU,0,-70,-5,5,A. Inigo,3,jump shot,2018.10.10,SAC,0
805,FEU,ADMU,1,5,0,9,H. Cani,2,jump shot,2018.10.10,SAC,2
806,FEU,ADMU,1,-7,9,9,H. Cani,2,jump shot,2018.10.10,SAC,2
807,FEU,ADMU,1,-12,5,2,A. Stockton,2,jump shot,2018.10.10,SAC,2
808,FEU,ADMU,0,-69,34,5,A. Inigo,3,jump shot,2018.10.10,SAC,0
809,FEU,ADMU,1,-13,3,9,H. Cani,2,jump shot,2018.10.10,SAC,2
810,FEU,ADMU,0,38,0,15,B. Bienes,2,jump shot,2018.10.10,SAC,0
811,FEU,ADMU,1,-8,9,15,B. Bienes,2,jump shot,2018.10.10,SAC,2
812,FEU,ADMU,0,-13,10,5,A. Inigo,2,jump shot,2018.10.10,SAC,0
813,FEU,ADMU,0,52,59,15,B. Bienes,3,jump shot,2018.10.10,SAC,0
814,FEU,ADMU,1,61,46,2,A. Stockton,3,jump shot,2018.10.10,SAC,3
815,FEU,ADMU,0,-20,-1,10,W. Comboy,2,jump shot,2018.10.10,SAC,0
816,FEU,ADMU,1,-12,4,17,P. Orizu,2,jump shot,2018.10.10,SAC,2
817,FEU,ADMU,1,-57,66,10,W. Comboy,3,jump shot,2018.10.10,SAC,3
818,FEU,ADMU,0,-15,3,21,R. Escoto,2,jump shot,2018.10.10,SAC,0
819,FEU,ADMU,0,-1,9,21,R. Escoto,2,jump shot,2018.10.10,SAC,0
820,FEU,ADMU,0,-62,48,9,H. Cani,3,jump shot,2018.10.10,SAC,0
821,FEU,ADMU,0,-60,52,9,H. Cani,3,jump shot,2018.10.10,SAC,0
822,FEU,ADMU,0,-68,-1,10,W. Comboy,3,jump shot,2018.10.10,SAC,0
823,FEU,ADMU,1,-17,80,3,J. Parker,3,jump shot,2018.10.10,SAC,3
824,FEU,ADMU,1,32,33,3,J. Parker,2,jump shot,2018.10.10,SAC,2
825,FEU,ADMU,0,-55,53,20,K. Tuffin,3,jump shot,2018.10.10,SAC,0
826,FEU,ADMU,1,-9,5,3,J. Parker,2,lay up,2018.10.10,SAC,2
827,FEU,ADMU,0,64,49,20,K. Tuffin,3,jump shot,2018.10.10,SAC,0
828,FEU,ADMU,1,7,4,17,P. Orizu,2,jump shot,2018.10.10,SAC,2
829,FEU,ADMU,0,-52,54,9,H. Cani,3,jump shot,2018.10.10,SAC,0
830,FEU,ADMU,0,-13,5,5,A. Inigo,2,jump shot,2018.10.10,SAC,0
831,FEU,ADMU,1,2,0,17,P. Orizu,2,dunk,2018.10.10,SAC,2
832,FEU,ADMU,0,-2,27,9,H. Cani,2,jump shot,2018.10.10,SAC,0
833,FEU,ADMU,1,-59,56,15,B. Bienes,3,jump shot,2018.10.10,SAC,3
834,FEU,ADMU,0,-5,0,5,A. Inigo,2,jump shot,2018.10.10,SAC,0
835,FEU,ADMU,1,-68,50,5,A. Inigo,3,jump shot,2018.10.10,SAC,3
836,FEU,ADMU,0,2,-4,10,W. Comboy,2,jump shot,2018.10.10,SAC,0
837,FEU,ADMU,0,-45,76,15,B. Bienes,3,jump shot,2018.10.10,SAC,0
838,FEU,ADMU,0,25,-3,9,H. Cani,2,jump shot,2018.10.10,SAC,0
839,FEU,ADMU,1,68,36,5,A. Inigo,3,jump shot,2018.10.10,SAC,3
840,FEU,ADMU,1,50,63,5,A. Inigo,3,jump shot,2018.10.10,SAC,3
841,FEU,ADMU,0,3,6,9,H. Cani,2,jump shot,2018.10.10,SAC,0
842,FEU,ADMU,1,72,-1,15,B. Bienes,3,jump shot,2018.10.10,SAC,3
843,FEU,ADMU,0,-6,80,15,B. Bienes,3,jump shot,2018.10.10,SAC,0
844,FEU,ADMU,1,63,54,10,W. Comboy,3,jump shot,2018.10.10,SAC,3
845,FEU,ADMU,1,-15,0,9,H. Cani,2,jump shot,2018.10.10,SAC,2
846,FEU,ADMU,0,41,29,10,W. Comboy,2,jump shot,2018.10.10,SAC,0
847,FEU,ADMU,1,-64,38,9,H. Cani,3,jump shot,2018.10.10,SAC,3
848,FEU,ADMU,1,-5,-3,21,R. Escoto,2,jump shot,2018.10.10,SAC,2
849,ADU,DLSU,0,-32,4,29,V. Magbuhos,2,jump shot,2018.10.13,SAC,0
850,ADU,DLSU,0,34,45,21,P. Sarr,2,jump shot,2018.10.13,SAC,0
851,ADU,DLSU,0,10,10,2,J. Ahanmisi,2,jump shot,2018.10.13,SAC,0
852,ADU,DLSU,1,-9,3,17,J. Colonia,2,lay up,2018.10.13,SAC,2
853,ADU,DLSU,0,65,44,2,J. Ahanmisi,3,jump shot,2018.10.13,SAC,0
854,ADU,DLSU,0,2,16,21,P. Sarr,2,jump shot,2018.10.13,SAC,0
855,ADU,DLSU,0,-10,22,29,V. Magbuhos,2,jump shot,2018.10.13,SAC,0
856,ADU,DLSU,1,1,30,1,S. Manganti,2,jump shot,2018.10.13,SAC,2
857,ADU,DLSU,1,36,26,21,P. Sarr,2,jump shot,2018.10.13,SAC,2
858,ADU,DLSU,0,-64,34,1,S. Manganti,3,jump shot,2018.10.13,SAC,0
859,ADU,DLSU,0,39,67,2,J. Ahanmisi,3,jump shot,2018.10.13,SAC,0
860,ADU,DLSU,0,16,4,21,P. Sarr,2,jump shot,2018.10.13,SAC,0
861,ADU,DLSU,1,7,1,1,S. Manganti,2,lay up,2018.10.13,SAC,2
862,ADU,DLSU,1,0,2,1,S. Manganti,2,dunk,2018.10.13,SAC,2
863,ADU,DLSU,0,-48,63,11,J. Espeleta,3,jump shot,2018.10.13,SAC,0
864,ADU,DLSU,0,39,48,4,C. Catapusan,2,jump shot,2018.10.13,SAC,0
865,ADU,DLSU,0,60,40,14,J. Pingoy,3,jump shot,2018.10.13,SAC,0
866,ADU,DLSU,0,62,44,2,J. Ahanmisi,3,jump shot,2018.10.13,SAC,0
867,ADU,DLSU,1,-7,76,2,J. Ahanmisi,3,jump shot,2018.10.13,SAC,3
868,ADU,DLSU,0,-59,46,7,J. Lastimosa,3,jump shot,2018.10.13,SAC,0
869,ADU,DLSU,0,-71,1,11,J. Espeleta,3,jump shot,2018.10.13,SAC,0
870,ADU,DLSU,1,-7,4,20,K. Bernardo,2,lay up,2018.10.13,SAC,2
871,ADU,DLSU,0,-35,63,2,J. Ahanmisi,3,jump shot,2018.10.13,SAC,0
872,ADU,DLSU,0,5,18,21,P. Sarr,2,jump shot,2018.10.13,SAC,0
873,ADU,DLSU,0,2,11,21,P. Sarr,2,jump shot,2018.10.13,SAC,0
874,ADU,DLSU,1,-13,0,1,S. Manganti,2,jump shot,2018.10.13,SAC,2
875,ADU,DLSU,1,-6,2,1,S. Manganti,2,lay up,2018.10.13,SAC,2
876,ADU,DLSU,0,37,75,14,J. Pingoy,3,jump shot,2018.10.13,SAC,0
877,ADU,DLSU,1,-24,70,2,J. Ahanmisi,3,jump shot,2018.10.13,SAC,3
878,ADU,DLSU,0,63,37,1,S. Manganti,3,jump shot,2018.10.13,SAC,0
879,ADU,DLSU,1,33,12,2,J. Ahanmisi,2,jump shot,2018.10.13,SAC,2
880,ADU,DLSU,1,1,77,2,J. Ahanmisi,3,jump shot,2018.10.13,SAC,3
881,ADU,DLSU,0,68,0,2,J. Ahanmisi,3,jump shot,2018.10.13,SAC,0
882,ADU,DLSU,0,-55,55,19,E. Mojica,3,jump shot,2018.10.13,SAC,0
883,ADU,DLSU,1,-21,20,2,J. Ahanmisi,2,jump shot,2018.10.13,SAC,2
884,ADU,DLSU,0,1,8,17,J. Colonia,2,jump shot,2018.10.13,SAC,0
885,ADU,DLSU,0,54,55,1,S. Manganti,3,jump shot,2018.10.13,SAC,0
886,ADU,DLSU,0,-10,8,11,J. Espeleta,2,jump shot,2018.10.13,SAC,0
887,ADU,DLSU,0,-37,63,2,J. Ahanmisi,3,jump shot,2018.10.13,SAC,0
888,ADU,DLSU,0,11,2,17,J. Colonia,2,jump shot,2018.10.13,SAC,0
889,ADU,DLSU,1,5,78,1,S. Manganti,3,jump shot,2018.10.13,SAC,3
890,ADU,DLSU,0,-11,9,1,S. Manganti,2,jump shot,2018.10.13,SAC,0
891,ADU,DLSU,0,-31,67,29,V. Magbuhos,3,jump shot,2018.10.13,SAC,0
892,ADU,DLSU,1,8,72,2,J. Ahanmisi,3,jump shot,2018.10.13,SAC,3
893,ADU,DLSU,1,-3,5,1,S. Manganti,2,jump shot,2018.10.13,SAC,2
894,ADU,DLSU,1,-9,6,1,S. Manganti,2,lay up,2018.10.13,SAC,2
895,ADU,DLSU,1,66,33,7,J. Lastimosa,3,jump shot,2018.10.13,SAC,3
896,ADU,DLSU,0,19,15,21,P. Sarr,2,jump shot,2018.10.13,SAC,0
897,ADU,DLSU,1,34,18,21,P. Sarr,2,jump shot,2018.10.13,SAC,2
898,ADU,DLSU,1,3,19,10,S. Camacho,2,jump shot,2018.10.13,SAC,2
899,ADU,DLSU,0,69,25,11,J. Espeleta,3,jump shot,2018.10.13,SAC,0
900,ADU,DLSU,0,49,57,2,J. Ahanmisi,3,jump shot,2018.10.13,SAC,0
901,ADU,DLSU,0,-61,45,7,J. Lastimosa,3,jump shot,2018.10.13,SAC,0
902,ADU,DLSU,0,6,2,11,J. Espeleta,2,jump shot,2018.10.13,SAC,0
903,ADU,DLSU,0,-11,6,11,J. Espeleta,2,jump shot,2018.10.13,SAC,0
904,ADU,DLSU,1,-8,5,11,J. Espeleta,2,jump shot,2018.10.13,SAC,2
905,ADU,DLSU,0,7,2,7,J. Lastimosa,2,jump shot,2018.10.13,SAC,0
906,ADU,DLSU,1,9,2,4,C. Catapusan,2,jump shot,2018.10.13,SAC,2
907,ADU,DLSU,0,33,29,11,J. Espeleta,2,jump shot,2018.10.13,SAC,0
908,ADU,DLSU,0,-19,24,1,S. Manganti,2,jump shot,2018.10.13,SAC,0
909,ADU,DLSU,1,9,6,4,C. Catapusan,2,alley oop,2018.10.13,SAC,2
910,ADU,DLSU,1,-1,47,2,J. Ahanmisi,2,jump shot,2018.10.13,SAC,2
911,ADU,DLSU,0,7,0,4,C. Catapusan,2,jump shot,2018.10.13,SAC,0
912,ADU,DLSU,1,-23,8,2,J. Ahanmisi,2,jump shot,2018.10.13,SAC,2
913,ADU,DLSU,1,-8,2,21,P. Sarr,2,jump shot,2018.10.13,SAC,2
914,ADU,DLSU,0,-47,6,11,J. Espeleta,2,jump shot,2018.10.13,SAC,0
915,ADU,DLSU,1,-9,2,1,S. Manganti,2,jump shot,2018.10.13,SAC,2
916,ADU,DLSU,0,-25,41,1,S. Manganti,2,jump shot,2018.10.13,SAC,0
917,ADU,DLSU,0,23,25,1,S. Manganti,2,jump shot,2018.10.13,SAC,0
918,ADU,DLSU,0,-15,11,1,S. Manganti,2,jump shot,2018.10.13,SAC,0
919,ADU,DLSU,0,-51,72,7,J. Lastimosa,3,jump shot,2018.10.13,SAC,0
920,ADU,DLSU,0,70,-2,1,S. Manganti,3,jump shot,2018.10.13,SAC,0
921,ADU,DLSU,0,-45,22,7,J. Lastimosa,2,jump shot,2018.10.13,SAC,0
922,ADU,DLSU,0,-33,14,1,S. Manganti,2,jump shot,2018.10.13,SAC,0
923,ADU,DLSU,0,9,6,21,P. Sarr,2,jump shot,2018.10.13,SAC,0
924,ADU,DLSU,0,-7,35,1,S. Manganti,2,jump shot,2018.10.13,SAC,0
925,ADU,DLSU,0,-11,8,21,P. Sarr,2,jump shot,2018.10.13,SAC,0
926,ADU,DLSU,0,-37,73,2,J. Ahanmisi,3,jump shot,2018.10.13,SAC,0
927,ADU,DLSU,0,44,21,10,S. Camacho,2,jump shot,2018.10.13,SAC,0
928,ADU,DLSU,0,8,1,11,J. Espeleta,2,jump shot,2018.10.13,SAC,0
929,ADU,DLSU,0,31,70,11,J. Espeleta,3,jump shot,2018.10.13,SAC,0
930,ADU,DLSU,1,6,3,2,J. Ahanmisi,2,lay up,2018.10.13,SAC,2
931,ADU,DLSU,0,62,42,2,J. Ahanmisi,3,jump shot,2018.10.13,SAC,0
932,ADU,DLSU,1,6,2,10,S. Camacho,2,lay up,2018.10.13,SAC,2
933,ADU,DLSU,0,19,73,2,J. Ahanmisi,3,jump shot,2018.10.13,SAC,0
934,ADU,DLSU,1,-49,60,1,S. Manganti,3,jump shot,2018.10.13,SAC,3
935,ADU,DLSU,1,71,0,2,J. Ahanmisi,3,jump shot,2018.10.13,SAC,3
936,DLSU,ADU,0,37,23,19,J. Baltazar,2,jump shot,2018.10.13,SAC,0
937,DLSU,ADU,1,9,1,30,A. Caracut,2,jump shot,2018.10.13,SAC,2
938,DLSU,ADU,1,-7,5,19,J. Baltazar,2,lay up,2018.10.13,SAC,2
939,DLSU,ADU,0,-5,13,19,J. Baltazar,2,jump shot,2018.10.13,SAC,0
940,DLSU,ADU,1,11,22,6,J. Manuel,2,jump shot,2018.10.13,SAC,2
941,DLSU,ADU,0,-37,67,19,J. Baltazar,3,jump shot,2018.10.13,SAC,0
942,DLSU,ADU,1,0,47,15,K. Montalbo,2,jump shot,2018.10.13,SAC,2
943,DLSU,ADU,1,40,0,11,A. Melecio,2,jump shot,2018.10.13,SAC,2
944,DLSU,ADU,1,-63,36,11,A. Melecio,3,jump shot,2018.10.13,SAC,3
945,DLSU,ADU,0,7,2,18,F. Serrano,2,jump shot,2018.10.13,SAC,0
946,DLSU,ADU,1,8,3,11,A. Melecio,2,lay up,2018.10.13,SAC,2
947,DLSU,ADU,1,-11,16,19,J. Baltazar,2,jump shot,2018.10.13,SAC,2
948,DLSU,ADU,0,-8,5,15,K. Montalbo,2,jump shot,2018.10.13,SAC,0
949,DLSU,ADU,0,1,76,19,J. Baltazar,3,jump shot,2018.10.13,SAC,0
950,DLSU,ADU,1,8,4,19,J. Baltazar,2,lay up,2018.10.13,SAC,2
951,DLSU,ADU,1,9,23,18,F. Serrano,2,jump shot,2018.10.13,SAC,2
952,DLSU,ADU,0,3,75,19,J. Baltazar,3,jump shot,2018.10.13,SAC,0
953,DLSU,ADU,0,18,27,30,A. Caracut,2,jump shot,2018.10.13,SAC,0
954,DLSU,ADU,1,29,2,25,L. Santillian,2,jump shot,2018.10.13,SAC,2
955,DLSU,ADU,0,-42,60,11,A. Melecio,3,jump shot,2018.10.13,SAC,0
956,DLSU,ADU,0,-41,59,11,A. Melecio,3,jump shot,2018.10.13,SAC,0
957,DLSU,ADU,1,-11,3,18,F. Serrano,2,jump shot,2018.10.13,SAC,2
958,DLSU,ADU,0,60,59,18,F. Serrano,3,jump shot,2018.10.13,SAC,0
959,DLSU,ADU,0,8,11,18,F. Serrano,2,jump shot,2018.10.13,SAC,0
960,DLSU,ADU,0,41,66,25,L. Santillian,3,jump shot,2018.10.13,SAC,0
961,DLSU,ADU,0,-24,8,6,J. Manuel,2,jump shot,2018.10.13,SAC,0
962,DLSU,ADU,0,7,9,25,L. Santillian,2,jump shot,2018.10.13,SAC,0
963,DLSU,ADU,0,-1,31,30,A. Caracut,2,jump shot,2018.10.13,SAC,0
964,DLSU,ADU,1,0,17,11,A. Melecio,2,jump shot,2018.10.13,SAC,2
965,DLSU,ADU,1,11,3,30,A. Caracut,2,lay up,2018.10.13,SAC,2
966,DLSU,ADU,1,-13,3,25,L. Santillian,2,jump shot,2018.10.13,SAC,2
967,DLSU,ADU,0,23,47,11,A. Melecio,2,jump shot,2018.10.13,SAC,0
968,DLSU,ADU,0,7,35,11,A. Melecio,2,jump shot,2018.10.13,SAC,0
969,DLSU,ADU,1,-12,14,19,J. Baltazar,2,jump shot,2018.10.13,SAC,2
970,DLSU,ADU,0,18,78,11,A. Melecio,3,jump shot,2018.10.13,SAC,0
971,DLSU,ADU,1,-23,0,25,L. Santillian,2,jump shot,2018.10.13,SAC,2
972,DLSU,ADU,0,-5,30,18,F. Serrano,2,jump shot,2018.10.13,SAC,0
973,DLSU,ADU,0,15,2,7,M. Dyke,2,jump shot,2018.10.13,SAC,0
974,DLSU,ADU,0,-59,3,18,F. Serrano,2,jump shot,2018.10.13,SAC,0
975,DLSU,ADU,0,-12,8,11,A. Melecio,2,jump shot,2018.10.13,SAC,0
976,DLSU,ADU,0,45,64,30,A. Caracut,3,jump shot,2018.10.13,SAC,0
977,DLSU,ADU,1,-9,2,25,L. Santillian,2,jump shot,2018.10.13,SAC,2
978,DLSU,ADU,1,-8,2,19,J. Baltazar,2,jump shot,2018.10.13,SAC,2
979,DLSU,ADU,1,67,32,11,A. Melecio,3,jump shot,2018.10.13,SAC,3
980,DLSU,ADU,1,20,19,25,L. Santillian,2,jump shot,2018.10.13,SAC,2
981,DLSU,ADU,1,-44,63,25,L. Santillian,3,jump shot,2018.10.13,SAC,3
982,DLSU,ADU,0,4,8,11,A. Melecio,2,jump shot,2018.10.13,SAC,0
983,DLSU,ADU,1,-19,28,11,A. Melecio,2,jump shot,2018.10.13,SAC,2
984,DLSU,ADU,0,71,-2,30,A. Caracut,3,jump shot,2018.10.13,SAC,0
985,DLSU,ADU,0,44,38,19,J. Baltazar,2,jump shot,2018.10.13,SAC,0
986,DLSU,ADU,0,49,34,11,A. Melecio,2,jump shot,2018.10.13,SAC,0
987,DLSU,ADU,1,41,5,11,A. Melecio,2,jump shot,2018.10.13,SAC,2
988,DLSU,ADU,0,-13,27,11,A. Melecio,2,jump shot,2018.10.13,SAC,0
989,DLSU,ADU,1,6,31,15,K. Montalbo,2,jump shot,2018.10.13,SAC,2
990,DLSU,ADU,0,-26,68,11,A. Melecio,3,jump shot,2018.10.13,SAC,0
991,DLSU,ADU,0,54,28,19,J. Baltazar,2,jump shot,2018.10.13,SAC,0
992,DLSU,ADU,1,-6,2,11,A. Melecio,2,lay up,2018.10.13,SAC,2
993,UE,NU,0,-16,19,26,J. Cullar,2,jump shot,2018.10.13,FFVA,0
994,UE,NU,1,-17,75,2,M. Maloles,3,jump shot,2018.10.13,FFVA,3
995,UE,NU,0,-58,49,2,M. Maloles,3,jump shot,2018.10.13,FFVA,0
996,UE,NU,0,-14,12,1,C. Conner,2,jump shot,2018.10.13,FFVA,0
997,UE,NU,1,-6,18,23,A. Pasaol,2,alley oop,2018.10.13,FFVA,2
998,UE,NU,1,7,4,2,M. Maloles,2,lay up,2018.10.13,FFVA,2
999,UE,NU,0,52,56,2,M. Maloles,3,jump shot,2018.10.13,FFVA,0
1000,UE,NU,0,65,26,9,J. Varilla,3,jump shot,2018.10.13,FFVA,0
1001,UE,NU,1,46,53,9,J. Varilla,3,jump shot,2018.10.13,FFVA,3
1002,UE,NU,0,-37,23,9,J. Varilla,2,jump shot,2018.10.13,FFVA,0
1003,UE,NU,0,62,40,23,A. Pasaol,3,jump shot,2018.10.13,FFVA,0
1004,UE,NU,0,19,71,18,P. Manalang,3,jump shot,2018.10.13,FFVA,0
1005,UE,NU,1,-35,2,23,A. Pasaol,2,jump shot,2018.10.13,FFVA,2
1006,UE,NU,1,43,18,17,R. Acuno,2,jump shot,2018.10.13,FFVA,2
1007,UE,NU,1,-9,2,23,A. Pasaol,2,lay up,2018.10.13,FFVA,2
1008,UE,NU,0,-7,4,17,R. Acuno,2,jump shot,2018.10.13,FFVA,0
1009,UE,NU,0,-9,4,23,A. Pasaol,2,jump shot,2018.10.13,FFVA,0
1010,UE,NU,0,56,58,23,A. Pasaol,3,jump shot,2018.10.13,FFVA,0
1011,UE,NU,1,-7,0,1,C. Conner,2,lay up,2018.10.13,FFVA,2
1012,UE,NU,0,39,66,18,P. Manalang,3,jump shot,2018.10.13,FFVA,0
1013,UE,NU,0,6,24,17,R. Acuno,2,jump shot,2018.10.13,FFVA,0
1014,UE,NU,1,-54,54,18,P. Manalang,3,jump shot,2018.10.13,FFVA,3
1015,UE,NU,0,-57,46,2,M. Maloles,3,jump shot,2018.10.13,FFVA,0
1016,UE,NU,0,-58,53,23,A. Pasaol,3,jump shot,2018.10.13,FFVA,0
1017,UE,NU,0,26,71,1,C. Conner,3,jump shot,2018.10.13,FFVA,0
1018,UE,NU,1,-17,2,1,C. Conner,2,jump shot,2018.10.13,FFVA,2
1019,UE,NU,0,64,38,9,J. Varilla,3,jump shot,2018.10.13,FFVA,0
1020,UE,NU,0,9,4,2,M. Maloles,2,jump shot,2018.10.13,FFVA,0
1021,UE,NU,0,54,49,18,P. Manalang,3,jump shot,2018.10.13,FFVA,0
1022,UE,NU,1,9,4,21,W. Bartolome,2,jump shot,2018.10.13,FFVA,2
1023,UE,NU,0,67,23,23,A. Pasaol,3,jump shot,2018.10.13,FFVA,0
1024,UE,NU,0,11,8,18,P. Manalang,2,jump shot,2018.10.13,FFVA,0
1025,UE,NU,1,-45,2,17,R. Acuno,2,jump shot,2018.10.13,FFVA,2
1026,UE,NU,1,-7,4,23,A. Pasaol,2,lay up,2018.10.13,FFVA,2
1027,UE,NU,0,-39,28,2,M. Maloles,2,jump shot,2018.10.13,FFVA,0
1028,UE,NU,0,2,18,23,A. Pasaol,2,jump shot,2018.10.13,FFVA,0
1029,UE,NU,1,-62,120,23,A. Pasaol,3,jump shot,2018.10.13,FFVA,3
1030,UE,NU,1,5,13,1,C. Conner,2,lay up,2018.10.13,FFVA,2
1031,UE,NU,1,54,49,1,C. Conner,3,jump shot,2018.10.13,FFVA,3
1032,UE,NU,0,27,71,26,J. Cullar,3,jump shot,2018.10.13,FFVA,0
1033,UE,NU,1,-1,75,1,C. Conner,3,jump shot,2018.10.13,FFVA,3
1034,UE,NU,0,7,5,23,A. Pasaol,2,jump shot,2018.10.13,FFVA,0
1035,UE,NU,1,0,17,23,A. Pasaol,2,jump shot,2018.10.13,FFVA,2
1036,UE,NU,0,-51,59,23,A. Pasaol,3,jump shot,2018.10.13,FFVA,0
1037,UE,NU,0,9,2,23,A. Pasaol,2,jump shot,2018.10.13,FFVA,0
1038,UE,NU,0,-1,30,9,J. Varilla,2,jump shot,2018.10.13,FFVA,0
1039,UE,NU,0,43,10,7,A. Beltran,2,jump shot,2018.10.13,FFVA,0
1040,UE,NU,1,7,75,23,A. Pasaol,3,jump shot,2018.10.13,FFVA,3
1041,UE,NU,0,-26,12,8,C. Lacap,2,jump shot,2018.10.13,FFVA,0
1042,UE,NU,0,-58,45,8,C. Lacap,3,jump shot,2018.10.13,FFVA,0
1043,UE,NU,0,-8,4,18,P. Manalang,2,jump shot,2018.10.13,FFVA,0
1044,UE,NU,0,2,76,23,A. Pasaol,3,jump shot,2018.10.13,FFVA,0
1045,UE,NU,1,-24,60,18,P. Manalang,2,jump shot,2018.10.13,FFVA,2
1046,UE,NU,0,41,66,18,P. Manalang,3,jump shot,2018.10.13,FFVA,0
1047,UE,NU,0,4,27,23,A. Pasaol,2,jump shot,2018.10.13,FFVA,0
1048,UE,NU,0,-59,41,18,P. Manalang,3,jump shot,2018.10.13,FFVA,0
1049,UE,NU,0,47,57,26,J. Cullar,3,jump shot,2018.10.13,FFVA,0
1050,UE,NU,1,70,-1,18,P. Manalang,3,jump shot,2018.10.13,FFVA,3
1051,UE,NU,1,-1,10,1,C. Conner,2,lay up,2018.10.13,FFVA,2
1052,UE,NU,0,-51,52,18,P. Manalang,3,jump shot,2018.10.13,FFVA,0
1053,UE,NU,0,-15,55,1,C. Conner,2,jump shot,2018.10.13,FFVA,0
1054,UE,NU,0,8,2,1,C. Conner,2,jump shot,2018.10.13,FFVA,0
1055,UE,NU,0,59,19,22,J. Sobrevega,2,jump shot,2018.10.13,FFVA,0
1056,UE,NU,1,9,2,7,A. Beltran,2,jump shot,2018.10.13,FFVA,2
1057,UE,NU,0,-41,66,8,C. Lacap,3,jump shot,2018.10.13,FFVA,0
1058,NU,UE,0,60,52,1,D. Ildefonso,3,jump shot,2018.10.13,FFVA,0
1059,NU,UE,1,0,24,10,I. Gaye,2,jump shot,2018.10.13,FFVA,2
1060,NU,UE,1,-6,3,1,D. Ildefonso,2,lay up,2018.10.13,FFVA,2
1061,NU,UE,1,9,47,10,I. Gaye,2,jump shot,2018.10.13,FFVA,2
1062,NU,UE,0,72,5,23,R. Morido,3,jump shot,2018.10.13,FFVA,0
1063,NU,UE,0,43,3,6,J. Sinclair,2,jump shot,2018.10.13,FFVA,0
1064,NU,UE,0,-7,8,6,J. Sinclair,2,jump shot,2018.10.13,FFVA,0
1065,NU,UE,0,70,-4,8,A. Joson,3,jump shot,2018.10.13,FFVA,0
1066,NU,UE,1,-5,13,23,R. Morido,2,jump shot,2018.10.13,FFVA,2
1067,NU,UE,0,21,21,7,M. Salim,2,jump shot,2018.10.13,FFVA,0
1068,NU,UE,1,-16,48,1,D. Ildefonso,2,jump shot,2018.10.13,FFVA,2
1069,NU,UE,0,-66,40,1,D. Ildefonso,3,jump shot,2018.10.13,FFVA,0
1070,NU,UE,1,-8,2,21,T. Rike,2,lay up,2018.10.13,FFVA,2
1071,NU,UE,0,-59,20,0,S. Ildefonso,2,jump shot,2018.10.13,FFVA,0
1072,NU,UE,0,-12,16,9,J. Clemente,2,jump shot,2018.10.13,FFVA,0
1073,NU,UE,1,-9,2,9,J. Clemente,2,lay up,2018.10.13,FFVA,2
1074,NU,UE,0,-2,55,7,M. Salim,2,jump shot,2018.10.13,FFVA,0
1075,NU,UE,1,-7,3,0,S. Ildefonso,2,jump shot,2018.10.13,FFVA,2
1076,NU,UE,0,-13,4,0,S. Ildefonso,2,jump shot,2018.10.13,FFVA,0
1077,NU,UE,1,8,50,15,D. Yu,2,jump shot,2018.10.13,FFVA,2
1078,NU,UE,1,-66,35,9,J. Clemente,3,jump shot,2018.10.13,FFVA,3
1079,NU,UE,1,-11,4,21,T. Rike,2,jump shot,2018.10.13,FFVA,2
1080,NU,UE,0,18,12,19,J. Gallego,2,jump shot,2018.10.13,FFVA,0
1081,NU,UE,1,-7,4,0,S. Ildefonso,2,lay up,2018.10.13,FFVA,2
1082,NU,UE,1,-17,24,9,J. Clemente,2,jump shot,2018.10.13,FFVA,2
1083,NU,UE,1,18,33,13,M. Aquino,2,jump shot,2018.10.13,FFVA,2
1084,NU,UE,0,7,1,13,M. Aquino,2,jump shot,2018.10.13,FFVA,0
1085,NU,UE,0,-11,79,1,D. Ildefonso,3,jump shot,2018.10.13,FFVA,0
1086,NU,UE,1,-7,3,1,D. Ildefonso,2,lay up,2018.10.13,FFVA,2
1087,NU,UE,1,1,10,10,I. Gaye,2,lay up,2018.10.13,FFVA,2
1088,NU,UE,0,-61,48,15,D. Yu,3,jump shot,2018.10.13,FFVA,0
1089,NU,UE,1,-11,21,1,D. Ildefonso,2,jump shot,2018.10.13,FFVA,2
1090,NU,UE,1,44,18,14,J. Galinato,2,jump shot,2018.10.13,FFVA,2
1091,NU,UE,0,43,37,0,S. Ildefonso,2,jump shot,2018.10.13,FFVA,0
1092,NU,UE,1,-66,29,1,D. Ildefonso,3,jump shot,2018.10.13,FFVA,3
1093,NU,UE,1,-8,4,0,S. Ildefonso,2,lay up,2018.10.13,FFVA,2
1094,NU,UE,0,-58,51,1,D. Ildefonso,3,jump shot,2018.10.13,FFVA,0
1095,NU,UE,1,26,3,10,I. Gaye,2,jump shot,2018.10.13,FFVA,2
1096,NU,UE,1,-8,8,0,S. Ildefonso,2,lay up,2018.10.13,FFVA,2
1097,NU,UE,0,69,-5,1,D. Ildefonso,3,jump shot,2018.10.13,FFVA,0
1098,NU,UE,1,-37,48,10,I. Gaye,2,jump shot,2018.10.13,FFVA,2
1099,NU,UE,0,-56,49,23,R. Morido,3,jump shot,2018.10.13,FFVA,0
1100,NU,UE,0,-1,23,21,T. Rike,2,jump shot,2018.10.13,FFVA,0
1101,NU,UE,1,-1,53,21,T. Rike,2,jump shot,2018.10.13,FFVA,2
1102,NU,UE,0,70,0,1,D. Ildefonso,3,jump shot,2018.10.13,FFVA,0
1103,NU,UE,0,42,39,21,T. Rike,2,jump shot,2018.10.13,FFVA,0
1104,NU,UE,0,14,10,1,D. Ildefonso,2,jump shot,2018.10.13,FFVA,0
1105,NU,UE,1,-25,70,9,J. Clemente,3,jump shot,2018.10.13,FFVA,3
1106,NU,UE,1,-19,2,9,J. Clemente,2,jump shot,2018.10.13,FFVA,2
1107,NU,UE,0,-45,55,9,J. Clemente,3,jump shot,2018.10.13,FFVA,0
1108,NU,UE,1,-31,9,6,J. Sinclair,2,jump shot,2018.10.13,FFVA,2
1109,NU,UE,0,-43,20,5,A. Diputado,2,jump shot,2018.10.13,FFVA,0
1110,NU,UE,1,50,54,9,J. Clemente,3,jump shot,2018.10.13,FFVA,3
1111,NU,UE,1,6,2,5,A. Diputado,2,lay up,2018.10.13,FFVA,2
1112,NU,UE,0,25,71,9,J. Clemente,3,jump shot,2018.10.13,FFVA,0
1113,NU,UE,0,-48,57,13,M. Aquino,3,jump shot,2018.10.13,FFVA,0
1114,NU,UE,1,67,21,9,J. Clemente,3,jump shot,2018.10.13,FFVA,3
1115,NU,UE,0,70,-4,9,J. Clemente,3,jump shot,2018.10.13,FFVA,0
1116,NU,UE,0,20,16,13,M. Aquino,2,jump shot,2018.10.13,FFVA,0
1117,NU,UE,0,0,8,14,J. Galinato,2,jump shot,2018.10.13,FFVA,0
1118,NU,UE,0,10,9,29,M. Malonzo,2,jump shot,2018.10.13,FFVA,0
1119,NU,UE,0,54,48,1,D. Ildefonso,3,jump shot,2018.10.13,FFVA,0
1120,NU,UE,1,19,39,15,D. Yu,2,jump shot,2018.10.13,FFVA,2
1121,NU,UE,0,6,81,1,D. Ildefonso,3,jump shot,2018.10.13,FFVA,0
1122,NU,UE,0,2,33,29,M. Malonzo,2,jump shot,2018.10.13,FFVA,0
1123,NU,UE,1,18,50,10,I. Gaye,2,jump shot,2018.10.13,FFVA,2
1124,NU,UE,1,-9,2,14,J. Galinato,2,jump shot,2018.10.13,FFVA,2
1125,NU,UE,0,45,11,29,M. Malonzo,2,jump shot,2018.10.13,FFVA,0
1126,NU,UE,1,-70,16,1,D. Ildefonso,3,jump shot,2018.10.13,FFVA,3
1127,NU,UE,0,-21,10,7,M. Salim,2,jump shot,2018.10.13,FFVA,0
1128,NU,UE,0,-37,66,5,A. Diputado,3,jump shot,2018.10.13,FFVA,0
1129,UST,UP,0,67,52,6,M. Lee,3,jump shot,2018.10.10,FFVA,0
1130,UST,UP,0,-7,0,13,Z. Huang,2,jump shot,2018.10.10,FFVA,0
1131,UST,UP,1,-2,3,27,C. Cansino,2,lay up,2018.10.10,FFVA,2
1132,UST,UP,0,20,47,11,E. Caunan,2,jump shot,2018.10.10,FFVA,0
1133,UST,UP,0,72,-3,8,K. Zamora,3,jump shot,2018.10.10,FFVA,0
1134,UST,UP,1,61,49,8,K. Zamora,3,jump shot,2018.10.10,FFVA,3
1135,UST,UP,1,1,4,13,Z. Huang,2,jump shot,2018.10.10,FFVA,2
1136,UST,UP,1,1,3,11,E. Caunan,2,jump shot,2018.10.10,FFVA,2
1137,UST,UP,1,-5,3,27,C. Cansino,2,lay up,2018.10.10,FFVA,2
1138,UST,UP,0,13,18,11,E. Caunan,2,jump shot,2018.10.10,FFVA,0
1139,UST,UP,1,8,3,13,Z. Huang,2,lay up,2018.10.10,FFVA,2
1140,UST,UP,0,-59,48,13,Z. Huang,3,jump shot,2018.10.10,FFVA,0
1141,UST,UP,1,-70,-1,6,M. Lee,3,jump shot,2018.10.10,FFVA,3
1142,UST,UP,1,63,49,5,R. Subido,3,jump shot,2018.10.10,FFVA,3
1143,UST,UP,1,41,67,5,R. Subido,3,jump shot,2018.10.10,FFVA,3
1144,UST,UP,1,32,0,4,M. Bonleon,2,jump shot,2018.10.10,FFVA,2
1145,UST,UP,1,-2,16,15,T. Agustin,2,jump shot,2018.10.10,FFVA,2
1146,UST,UP,1,8,9,15,T. Agustin,2,jump shot,2018.10.10,FFVA,2
1147,UST,UP,0,15,9,2,I. Batalier,2,jump shot,2018.10.10,FFVA,0
1148,UST,UP,0,55,58,5,R. Subido,3,jump shot,2018.10.10,FFVA,0
1149,UST,UP,0,18,22,7,J. Marcos,2,jump shot,2018.10.10,FFVA,0
1150,UST,UP,0,-7,0,26,G. Mahinay,2,jump shot,2018.10.10,FFVA,0
1151,UST,UP,0,5,12,13,Z. Huang,2,jump shot,2018.10.10,FFVA,0
1152,UST,UP,1,-4,0,27,C. Cansino,2,jump shot,2018.10.10,FFVA,2
1153,UST,UP,1,4,5,4,M. Bonleon,2,lay up,2018.10.10,FFVA,2
1154,UST,UP,0,-4,19,13,Z. Huang,2,jump shot,2018.10.10,FFVA,0
1155,UST,UP,0,-5,0,4,M. Bonleon,2,jump shot,2018.10.10,FFVA,0
1156,UST,UP,1,63,59,8,K. Zamora,3,jump shot,2018.10.10,FFVA,3
1157,UST,UP,0,18,20,13,Z. Huang,2,jump shot,2018.10.10,FFVA,0
1158,UST,UP,0,0,0,13,Z. Huang,2,jump shot,2018.10.10,FFVA,0
1159,UST,UP,1,-55,50,6,M. Lee,3,jump shot,2018.10.10,FFVA,3
1160,UST,UP,0,-72,1,8,K. Zamora,3,jump shot,2018.10.10,FFVA,0
1161,UST,UP,1,1,0,11,E. Caunan,2,alley oop,2018.10.10,FFVA,2
1162,UST,UP,1,-6,43,13,Z. Huang,2,jump shot,2018.10.10,FFVA,2
1163,UST,UP,0,4,50,11,E. Caunan,2,jump shot,2018.10.10,FFVA,0
1164,UST,UP,0,70,0,6,M. Lee,3,jump shot,2018.10.10,FFVA,0
1165,UST,UP,0,-2,10,13,Z. Huang,2,jump shot,2018.10.10,FFVA,0
1166,UST,UP,0,-72,0,5,R. Subido,3,jump shot,2018.10.10,FFVA,0
1167,UST,UP,1,42,65,8,K. Zamora,3,jump shot,2018.10.10,FFVA,3
1168,UST,UP,0,-29,3,16,N. Consejo,2,jump shot,2018.10.10,FFVA,0
1169,UST,UP,0,-12,113,5,R. Subido,3,jump shot,2018.10.10,FFVA,0
1170,UST,UP,1,-3,29,11,E. Caunan,2,jump shot,2018.10.10,FFVA,2
1171,UST,UP,0,63,64,6,M. Lee,3,jump shot,2018.10.10,FFVA,0
1172,UST,UP,1,-73,4,27,C. Cansino,3,jump shot,2018.10.10,FFVA,3
1173,UST,UP,1,-7,0,5,R. Subido,2,lay up,2018.10.10,FFVA,2
1174,UST,UP,0,68,-2,5,R. Subido,3,jump shot,2018.10.10,FFVA,0
1175,UST,UP,1,-55,62,27,C. Cansino,3,jump shot,2018.10.10,FFVA,3
1176,UST,UP,1,-22,25,5,R. Subido,2,jump shot,2018.10.10,FFVA,2
1177,UST,UP,0,57,56,4,M. Bonleon,3,jump shot,2018.10.10,FFVA,0
1178,UST,UP,1,-7,-3,4,M. Bonleon,2,lay up,2018.10.10,FFVA,2
1179,UST,UP,0,-11,-4,5,R. Subido,2,jump shot,2018.10.10,FFVA,0
1180,UST,UP,0,3,6,6,M. Lee,2,jump shot,2018.10.10,FFVA,0
1181,UST,UP,0,8,-3,11,E. Caunan,2,jump shot,2018.10.10,FFVA,0
1182,UST,UP,0,53,54,6,M. Lee,3,jump shot,2018.10.10,FFVA,0
1183,UST,UP,0,44,67,2,I. Batalier,3,jump shot,2018.10.10,FFVA,0
1184,UST,UP,1,73,-7,8,K. Zamora,3,jump shot,2018.10.10,FFVA,3
1185,UST,UP,0,7,4,5,R. Subido,2,jump shot,2018.10.10,FFVA,0
1186,UST,UP,0,70,-4,27,C. Cansino,3,jump shot,2018.10.10,FFVA,0
1187,UST,UP,1,5,4,26,G. Mahinay,2,lay up,2018.10.10,FFVA,2
1188,UST,UP,0,-50,67,6,M. Lee,3,jump shot,2018.10.10,FFVA,0
1189,UST,UP,0,-61,42,5,R. Subido,3,jump shot,2018.10.10,FFVA,0
1190,UST,UP,0,-71,-7,5,R. Subido,3,jump shot,2018.10.10,FFVA,0
1191,UST,UP,1,-2,0,2,I. Batalier,2,jump shot,2018.10.10,FFVA,2
1192,UST,UP,0,-55,47,5,R. Subido,3,jump shot,2018.10.10,FFVA,0
1193,UST,UP,0,-72,6,6,M. Lee,3,jump shot,2018.10.10,FFVA,0
1194,UST,UP,0,72,-6,5,R. Subido,3,jump shot,2018.10.10,FFVA,0
1195,UST,UP,1,66,35,6,M. Lee,3,jump shot,2018.10.10,FFVA,3
1196,UST,UP,0,48,-4,5,R. Subido,2,jump shot,2018.10.10,FFVA,0
1197,UST,UP,0,-22,45,5,R. Subido,2,jump shot,2018.10.10,FFVA,0
1198,UST,UP,0,-73,-5,13,Z. Huang,3,jump shot,2018.10.10,FFVA,0
1199,UP,UST,0,54,93,18,P. Desiderio,3,jump shot,2018.10.10,FFVA,0
1200,UP,UST,0,-6,-3,19,W. Gozum,2,jump shot,2018.10.10,FFVA,0
1201,UP,UST,0,-68,55,1,Ju. Gomez de Liaño,3,jump shot,2018.10.10,FFVA,0
1202,UP,UST,1,4,4,0,B. Akhuetie,2,jump shot,2018.10.10,FFVA,2
1203,UP,UST,0,-12,91,13,J. Manzo,3,jump shot,2018.10.10,FFVA,0
1204,UP,UST,1,-4,4,6,Ja. Gomez de Liaño,2,lay up,2018.10.10,FFVA,2
1205,UP,UST,1,6,0,6,Ja. Gomez de Liaño,2,jump shot,2018.10.10,FFVA,2
1206,UP,UST,1,37,41,1,Ju. Gomez de Liaño,2,jump shot,2018.10.10,FFVA,2
1207,UP,UST,1,49,70,5,D. Dario,3,jump shot,2018.10.10,FFVA,3
1208,UP,UST,1,48,62,6,Ja. Gomez de Liaño,3,jump shot,2018.10.10,FFVA,3
1209,UP,UST,1,-7,2,0,B. Akhuetie,2,jump shot,2018.10.10,FFVA,2
1210,UP,UST,0,-8,10,12,J. Lim,2,jump shot,2018.10.10,FFVA,0
1211,UP,UST,0,75,-3,18,P. Desiderio,3,jump shot,2018.10.10,FFVA,0
1212,UP,UST,0,5,2,18,P. Desiderio,2,jump shot,2018.10.10,FFVA,0
1213,UP,UST,0,-46,66,1,Ju. Gomez de Liaño,3,jump shot,2018.10.10,FFVA,0
1214,UP,UST,0,-51,59,13,J. Manzo,3,jump shot,2018.10.10,FFVA,0
1215,UP,UST,0,-13,3,18,P. Desiderio,2,jump shot,2018.10.10,FFVA,0
1216,UP,UST,0,-13,-2,10,D. Murrell,2,jump shot,2018.10.10,FFVA,0
1217,UP,UST,0,-8,1,0,B. Akhuetie,2,jump shot,2018.10.10,FFVA,0
1218,UP,UST,1,49,64,15,C. Vito,3,jump shot,2018.10.10,FFVA,3
1219,UP,UST,0,-20,1,13,J. Manzo,2,jump shot,2018.10.10,FFVA,0
1220,UP,UST,0,-2,47,1,Ju. Gomez de Liaño,2,jump shot,2018.10.10,FFVA,0
1221,UP,UST,1,-3,3,0,B. Akhuetie,2,lay up,2018.10.10,FFVA,2
1222,UP,UST,0,-41,69,15,C. Vito,3,jump shot,2018.10.10,FFVA,0
1223,UP,UST,0,-71,33,11,F. Tungcab,3,jump shot,2018.10.10,FFVA,0
1224,UP,UST,1,-64,34,1,Ju. Gomez de Liaño,3,jump shot,2018.10.10,FFVA,3
1225,UP,UST,0,17,-1,0,B. Akhuetie,2,jump shot,2018.10.10,FFVA,0
1226,UP,UST,0,-7,2,18,P. Desiderio,2,jump shot,2018.10.10,FFVA,0
1227,UP,UST,0,-40,86,5,D. Dario,3,jump shot,2018.10.10,FFVA,0
1228,UP,UST,0,0,16,6,Ja. Gomez de Liaño,2,jump shot,2018.10.10,FFVA,0
1229,UP,UST,0,-51,60,18,P. Desiderio,3,jump shot,2018.10.10,FFVA,0
1230,UP,UST,0,12,5,0,B. Akhuetie,2,jump shot,2018.10.10,FFVA,0
1231,UP,UST,1,-1,0,0,B. Akhuetie,2,jump shot,2018.10.10,FFVA,2
1232,UP,UST,0,-10,-9,6,Ja. Gomez de Liaño,2,jump shot,2018.10.10,FFVA,0
1233,UP,UST,0,-5,8,0,B. Akhuetie,2,jump shot,2018.10.10,FFVA,0
1234,UP,UST,1,-3,-6,6,Ja. Gomez de Liaño,2,lay up,2018.10.10,FFVA,2
1235,UP,UST,0,-50,64,1,Ju. Gomez de Liaño,3,jump shot,2018.10.10,FFVA,0
1236,UP,UST,0,6,6,19,W. Gozum,2,jump shot,2018.10.10,FFVA,0
1237,UP,UST,0,10,4,19,W. Gozum,2,jump shot,2018.10.10,FFVA,0
1238,UP,UST,1,2,5,18,P. Desiderio,2,jump shot,2018.10.10,FFVA,2
1239,UP,UST,0,10,8,18,P. Desiderio,2,jump shot,2018.10.10,FFVA,0
1240,UP,UST,0,1,11,12,J. Lim,2,jump shot,2018.10.10,FFVA,0
1241,UP,UST,0,-1,8,0,B. Akhuetie,2,jump shot,2018.10.10,FFVA,0
1242,UP,UST,1,3,5,18,P. Desiderio,2,jump shot,2018.10.10,FFVA,2
1243,UP,UST,1,-6,0,18,P. Desiderio,2,lay up,2018.10.10,FFVA,2
1244,UP,UST,0,-71,-3,6,Ja. Gomez de Liaño,3,jump shot,2018.10.10,FFVA,0
1245,UP,UST,0,-18,3,0,B. Akhuetie,2,jump shot,2018.10.10,FFVA,0
1246,UP,UST,1,-5,2,0,B. Akhuetie,2,jump shot,2018.10.10,FFVA,2
1247,UP,UST,0,7,10,18,P. Desiderio,2,jump shot,2018.10.10,FFVA,0
1248,UP,UST,0,49,4,12,J. Lim,2,jump shot,2018.10.10,FFVA,0
1249,UP,UST,1,-5,1,0,B. Akhuetie,2,jump shot,2018.10.10,FFVA,2
1250,UP,UST,1,-5,-2,11,F. Tungcab,2,lay up,2018.10.10,FFVA,2
1251,UP,UST,1,-1,3,10,D. Murrell,2,lay up,2018.10.10,FFVA,2
1252,UP,UST,0,-9,25,17,F. Jaboneta,2,jump shot,2018.10.10,FFVA,0
1253,UP,UST,0,32,89,1,Ju. Gomez de Liaño,3,jump shot,2018.10.10,FFVA,0
1254,UP,UST,1,-1,5,0,B. Akhuetie,2,jump shot,2018.10.10,FFVA,2
1255,UP,UST,1,-7,6,10,D. Murrell,2,lay up,2018.10.10,FFVA,2
1256,UP,UST,0,-8,0,0,B. Akhuetie,2,jump shot,2018.10.10,FFVA,0
1257,UP,UST,1,-10,0,0,B. Akhuetie,2,jump shot,2018.10.10,FFVA,2
1258,UP,UST,0,63,46,5,D. Dario,3,jump shot,2018.10.10,FFVA,0
1259,UP,UST,1,5,8,3,J. Spencer,2,jump shot,2018.10.10,FFVA,2
1260,UP,UST,1,32,11,5,D. Dario,2,jump shot,2018.10.10,FFVA,2
1261,UP,UST,1,58,57,5,D. Dario,3,jump shot,2018.10.10,FFVA,3
1262,UP,UST,0,60,57,6,Ja. Gomez de Liaño,3,jump shot,2018.10.10,FFVA,0
1263,UP,UST,0,-69,21,5,D. Dario,3,jump shot,2018.10.10,FFVA,0
1264,UP,UST,1,4,3,0,B. Akhuetie,2,lay up,2018.10.10,FFVA,2
1265,UP,UST,1,-5,8,1,Ju. Gomez de Liaño,2,jump shot,2018.10.10,FFVA,2
1266,UP,UST,1,-23,-2,5,D. Dario,2,jump shot,2018.10.10,FFVA,2
1267,UP,UST,1,1,3,1,Ju. Gomez de Liaño,2,jump shot,2018.10.10,FFVA,2
1268,UP,UST,1,5,8,19,W. Gozum,2,jump shot,2018.10.10,FFVA,2
1269,UP,UST,0,8,8,1,Ju. Gomez de Liaño,2,jump shot,2018.10.10,FFVA,0
1270,UP,UST,1,2,2,6,Ja. Gomez de Liaño,2,jump shot,2018.10.10,FFVA,2
1271,UP,UST,0,20,7,19,W. Gozum,2,jump shot,2018.10.10,FFVA,0
1272,UE,ADU,0,-26,-2,12,S. Gagate,2,jump shot,2018.09.19,MOA,0
1273,UE,ADU,1,-16,6,9,J. Varilla,2,jump shot,2018.09.19,MOA,2
1274,UE,ADU,0,8,4,18,P. Manalang,2,jump shot,2018.09.19,MOA,0
1275,UE,ADU,0,9,0,21,W. Bartolome,2,jump shot,2018.09.19,MOA,0
1276,UE,ADU,0,-9,15,23,A. Pasaol,2,jump shot,2018.09.19,MOA,0
1277,UE,ADU,0,-2,3,23,A. Pasaol,2,jump shot,2018.09.19,MOA,0
1278,UE,ADU,1,-4,3,23,A. Pasaol,2,jump shot,2018.09.19,MOA,2
1279,UE,ADU,0,-13,24,23,A. Pasaol,2,jump shot,2018.09.19,MOA,0
1280,UE,ADU,1,-67,30,9,J. Varilla,3,jump shot,2018.09.19,MOA,3
1281,UE,ADU,1,6,6,13,J. Strait,2,lay up,2018.09.19,MOA,2
1282,UE,ADU,1,-68,2,13,J. Strait,3,jump shot,2018.09.19,MOA,3
1283,UE,ADU,0,-54,67,23,A. Pasaol,3,jump shot,2018.09.19,MOA,0
1284,UE,ADU,0,-2,5,22,J. Sobrevega,2,jump shot,2018.09.19,MOA,0
1285,UE,ADU,1,-5,0,23,A. Pasaol,2,jump shot,2018.09.19,MOA,2
1286,UE,ADU,1,-4,-3,23,A. Pasaol,2,lay up,2018.09.19,MOA,2
1287,UE,ADU,0,3,8,26,J. Cullar,2,jump shot,2018.09.19,MOA,0
1288,UE,ADU,0,-2,-4,23,A. Pasaol,2,jump shot,2018.09.19,MOA,0
1289,UE,ADU,0,4,6,23,A. Pasaol,2,jump shot,2018.09.19,MOA,0
1290,UE,ADU,1,-3,5,23,A. Pasaol,2,jump shot,2018.09.19,MOA,2
1291,UE,ADU,0,-5,0,18,P. Manalang,2,jump shot,2018.09.19,MOA,0
1292,UE,ADU,1,-6,-1,9,J. Varilla,2,jump shot,2018.09.19,MOA,2
1293,UE,ADU,0,0,29,12,S. Gagate,2,jump shot,2018.09.19,MOA,0
1294,UE,ADU,0,2,5,81,J. Antiporda,2,jump shot,2018.09.19,MOA,0
1295,UE,ADU,0,20,13,18,P. Manalang,2,jump shot,2018.09.19,MOA,0
1296,UE,ADU,0,-1,5,23,A. Pasaol,2,jump shot,2018.09.19,MOA,0
1297,UE,ADU,1,6,2,21,W. Bartolome,2,jump shot,2018.09.19,MOA,2
1298,UE,ADU,1,7,3,13,J. Strait,2,lay up,2018.09.19,MOA,2
1299,UE,ADU,0,-15,2,23,A. Pasaol,2,jump shot,2018.09.19,MOA,0
1300,UE,ADU,1,3,3,21,W. Bartolome,2,jump shot,2018.09.19,MOA,2
1301,UE,ADU,0,-73,-7,23,A. Pasaol,3,jump shot,2018.09.19,MOA,0
1302,UE,ADU,0,4,-1,18,P. Manalang,2,jump shot,2018.09.19,MOA,0
1303,UE,ADU,1,-9,-8,23,A. Pasaol,2,jump shot,2018.09.19,MOA,2
1304,UE,ADU,1,-5,2,23,A. Pasaol,2,jump shot,2018.09.19,MOA,2
1305,UE,ADU,0,-11,81,7,A. Beltran,3,jump shot,2018.09.19,MOA,0
1306,UE,ADU,0,70,-8,23,A. Pasaol,3,jump shot,2018.09.19,MOA,0
1307,UE,ADU,1,66,50,23,A. Pasaol,3,jump shot,2018.09.19,MOA,3
1308,UE,ADU,0,0,0,23,A. Pasaol,2,jump shot,2018.09.19,MOA,0
1309,UE,ADU,1,-2,3,7,A. Beltran,2,jump shot,2018.09.19,MOA,2
1310,UE,ADU,0,34,1,1,C. Conner,2,jump shot,2018.09.19,MOA,0
1311,UE,ADU,1,-4,3,23,A. Pasaol,2,lay up,2018.09.19,MOA,2
1312,UE,ADU,0,52,57,23,A. Pasaol,3,jump shot,2018.09.19,MOA,0
1313,UE,ADU,0,-4,-2,23,A. Pasaol,2,jump shot,2018.09.19,MOA,0
1314,UE,ADU,0,-73,17,81,J. Antiporda,3,jump shot,2018.09.19,MOA,0
1315,UE,ADU,0,-73,28,81,J. Antiporda,3,jump shot,2018.09.19,MOA,0
1316,UE,ADU,0,22,53,81,J. Antiporda,2,jump shot,2018.09.19,MOA,0
1317,UE,ADU,0,-63,39,22,J. Sobrevega,3,jump shot,2018.09.19,MOA,0
1318,UE,ADU,1,-60,48,13,J. Strait,3,jump shot,2018.09.19,MOA,3
1319,UE,ADU,1,-4,-2,23,A. Pasaol,2,jump shot,2018.09.19,MOA,2
1320,UE,ADU,1,-42,-3,23,A. Pasaol,2,jump shot,2018.09.19,MOA,2
1321,UE,ADU,1,-57,-1,23,A. Pasaol,2,jump shot,2018.09.19,MOA,2
1322,UE,ADU,0,9,0,23,A. Pasaol,2,jump shot,2018.09.19,MOA,0
1323,UE,ADU,1,12,0,21,W. Bartolome,2,jump shot,2018.09.19,MOA,2
1324,UE,ADU,0,-1,24,21,W. Bartolome,2,jump shot,2018.09.19,MOA,0
1325,UE,ADU,0,-38,15,23,A. Pasaol,2,jump shot,2018.09.19,MOA,0
1326,UE,ADU,0,-27,46,23,A. Pasaol,2,jump shot,2018.09.19,MOA,0
1327,UE,ADU,1,5,-3,7,A. Beltran,2,jump shot,2018.09.19,MOA,2
1328,UE,ADU,0,73,-11,18,P. Manalang,3,jump shot,2018.09.19,MOA,0
1329,UE,ADU,0,-12,10,81,J. Antiporda,2,jump shot,2018.09.19,MOA,0
1330,UE,ADU,1,7,3,23,A. Pasaol,2,lay up,2018.09.19,MOA,2
1331,UE,ADU,0,44,69,23,A. Pasaol,3,jump shot,2018.09.19,MOA,0
1332,UE,ADU,0,66,47,23,A. Pasaol,3,jump shot,2018.09.19,MOA,0
1333,UE,ADU,0,-8,91,23,A. Pasaol,3,jump shot,2018.09.19,MOA,0
1334,UE,ADU,1,-63,43,26,J. Cullar,3,jump shot,2018.09.19,MOA,3
1335,UE,ADU,1,8,2,7,A. Beltran,2,lay up,2018.09.19,MOA,2
1336,UE,ADU,1,-11,13,23,A. Pasaol,2,jump shot,2018.09.19,MOA,2
1337,UE,ADU,0,38,67,23,A. Pasaol,3,jump shot,2018.09.19,MOA,0
1338,UE,ADU,1,10,1,23,A. Pasaol,2,jump shot,2018.09.19,MOA,2
1339,ADU,UE,1,15,8,17,J. Colonia,2,jump shot,2018.09.19,MOA,2
1340,ADU,UE,1,-69,42,1,S. Manganti,3,jump shot,2018.09.19,MOA,3
1341,ADU,UE,0,71,-3,2,J. Ahanmisi,3,jump shot,2018.09.19,MOA,0
1342,ADU,UE,0,-42,-1,29,V. Magbuhos,2,jump shot,2018.09.19,MOA,0
1343,ADU,UE,1,0,0,21,P. Sarr,2,lay up,2018.09.19,MOA,2
1344,ADU,UE,0,-59,65,1,S. Manganti,3,jump shot,2018.09.19,MOA,0
1345,ADU,UE,1,6,1,1,S. Manganti,2,lay up,2018.09.19,MOA,2
1346,ADU,UE,1,39,44,7,J. Lastimosa,2,jump shot,2018.09.19,MOA,2
1347,ADU,UE,0,31,28,10,S. Camacho,2,jump shot,2018.09.19,MOA,0
1348,ADU,UE,1,-70,-8,11,J. Espeleta,3,jump shot,2018.09.19,MOA,3
1349,ADU,UE,0,71,0,19,E. Mojica,3,jump shot,2018.09.19,MOA,0
1350,ADU,UE,0,5,26,19,E. Mojica,2,jump shot,2018.09.19,MOA,0
1351,ADU,UE,0,5,0,21,P. Sarr,2,jump shot,2018.09.19,MOA,0
1352,ADU,UE,1,-4,2,21,P. Sarr,2,jump shot,2018.09.19,MOA,2
1353,ADU,UE,0,-72,-2,11,J. Espeleta,3,jump shot,2018.09.19,MOA,0
1354,ADU,UE,0,-68,59,19,E. Mojica,3,jump shot,2018.09.19,MOA,0
1355,ADU,UE,0,30,12,4,C. Catapusan,2,jump shot,2018.09.19,MOA,0
1356,ADU,UE,1,-4,2,20,K. Bernardo,2,jump shot,2018.09.19,MOA,2
1357,ADU,UE,0,58,52,11,J. Espeleta,3,jump shot,2018.09.19,MOA,0
1358,ADU,UE,0,-39,40,11,J. Espeleta,2,jump shot,2018.09.19,MOA,0
1359,ADU,UE,0,0,-4,4,C. Catapusan,2,jump shot,2018.09.19,MOA,0
1360,ADU,UE,0,9,-2,11,J. Espeleta,2,jump shot,2018.09.19,MOA,0
1361,ADU,UE,0,-6,80,17,J. Colonia,3,jump shot,2018.09.19,MOA,0
1362,ADU,UE,0,-2,-1,2,J. Ahanmisi,2,jump shot,2018.09.19,MOA,0
1363,ADU,UE,0,-15,-3,20,K. Bernardo,2,jump shot,2018.09.19,MOA,0
1364,ADU,UE,1,0,19,21,P. Sarr,2,jump shot,2018.09.19,MOA,2
1365,ADU,UE,1,52,55,2,J. Ahanmisi,3,jump shot,2018.09.19,MOA,3
1366,ADU,UE,0,-10,-2,10,S. Camacho,2,jump shot,2018.09.19,MOA,0
1367,ADU,UE,0,-16,-1,11,J. Espeleta,2,jump shot,2018.09.19,MOA,0
1368,ADU,UE,1,-10,40,2,J. Ahanmisi,2,jump shot,2018.09.19,MOA,2
1369,ADU,UE,1,-53,57,2,J. Ahanmisi,3,jump shot,2018.09.19,MOA,3
1370,ADU,UE,1,4,4,17,J. Colonia,2,lay up,2018.09.19,MOA,2
1371,ADU,UE,0,-57,67,2,J. Ahanmisi,3,jump shot,2018.09.19,MOA,0
1372,ADU,UE,0,-9,3,10,S. Camacho,2,jump shot,2018.09.19,MOA,0
1373,ADU,UE,1,1,7,10,S. Camacho,2,lay up,2018.09.19,MOA,2
1374,ADU,UE,1,63,58,2,J. Ahanmisi,3,jump shot,2018.09.19,MOA,3
1375,ADU,UE,0,-61,57,19,E. Mojica,3,jump shot,2018.09.19,MOA,0
1376,ADU,UE,0,57,50,17,J. Colonia,3,jump shot,2018.09.19,MOA,0
1377,ADU,UE,0,-56,55,1,S. Manganti,3,jump shot,2018.09.19,MOA,0
1378,ADU,UE,0,-5,12,21,P. Sarr,2,jump shot,2018.09.19,MOA,0
1379,ADU,UE,0,-3,0,21,P. Sarr,2,jump shot,2018.09.19,MOA,0
1380,ADU,UE,0,0,35,2,J. Ahanmisi,2,jump shot,2018.09.19,MOA,0
1381,ADU,UE,0,-4,10,29,V. Magbuhos,2,jump shot,2018.09.19,MOA,0
1382,ADU,UE,1,71,27,1,S. Manganti,3,jump shot,2018.09.19,MOA,3
1383,ADU,UE,1,-7,5,1,S. Manganti,2,dunk,2018.09.19,MOA,2
1384,ADU,UE,0,74,-2,1,S. Manganti,3,jump shot,2018.09.19,MOA,0
1385,ADU,UE,0,-10,7,1,S. Manganti,2,jump shot,2018.09.19,MOA,0
1386,ADU,UE,1,-6,0,1,S. Manganti,2,lay up,2018.09.19,MOA,2
1387,ADU,UE,1,61,61,1,S. Manganti,3,jump shot,2018.09.19,MOA,3
1388,ADU,UE,0,-60,45,7,J. Lastimosa,3,jump shot,2018.09.19,MOA,0
1389,ADU,UE,1,-7,6,21,P. Sarr,2,jump shot,2018.09.19,MOA,2
1390,ADU,UE,0,-73,5,1,S. Manganti,3,jump shot,2018.09.19,MOA,0
1391,ADU,UE,0,-2,4,11,J. Espeleta,2,jump shot,2018.09.19,MOA,0
1392,ADU,UE,0,-6,7,21,P. Sarr,2,jump shot,2018.09.19,MOA,0
1393,ADU,UE,1,2,2,11,J. Espeleta,2,lay up,2018.09.19,MOA,2
1394,ADU,UE,1,-9,-5,4,C. Catapusan,2,lay up,2018.09.19,MOA,2
1395,ADU,UE,1,-69,-8,11,J. Espeleta,3,jump shot,2018.09.19,MOA,3
1396,ADU,UE,0,-3,1,10,S. Camacho,2,jump shot,2018.09.19,MOA,0
1397,ADU,UE,0,-48,38,11,J. Espeleta,2,jump shot,2018.09.19,MOA,0
1398,ADU,UE,0,30,47,4,C. Catapusan,2,jump shot,2018.09.19,MOA,0
1399,ADU,UE,0,-60,56,7,J. Lastimosa,3,jump shot,2018.09.19,MOA,0
1400,ADU,UE,0,-9,0,21,P. Sarr,2,jump shot,2018.09.19,MOA,0
1401,ADU,UE,1,-6,6,10,S. Camacho,2,jump shot,2018.09.19,MOA,2
1402,ADU,UE,0,-3,81,4,C. Catapusan,3,jump shot,2018.09.19,MOA,0
1403,ADU,UE,0,71,-4,1,S. Manganti,3,jump shot,2018.09.19,MOA,0
1404,ADU,UE,1,-2,4,1,S. Manganti,2,lay up,2018.09.19,MOA,2
1405,ADU,UE,1,17,34,2,J. Ahanmisi,2,jump shot,2018.09.19,MOA,2
1406,ADU,UE,1,2,3,1,S. Manganti,2,lay up,2018.09.19,MOA,2
1407,ADU,UE,0,11,9,2,J. Ahanmisi,2,jump shot,2018.09.19,MOA,0
1408,ADU,UE,1,-13,6,21,P. Sarr,2,jump shot,2018.09.19,MOA,2
1409,ADU,UE,1,-4,16,1,S. Manganti,2,jump shot,2018.09.19,MOA,2
1410,ADU,UE,0,59,61,2,J. Ahanmisi,3,jump shot,2018.09.19,MOA,0
1411,ADU,UE,1,3,4,10,S. Camacho,2,jump shot,2018.09.19,MOA,2
1412,ADU,UE,0,33,45,21,P. Sarr,2,jump shot,2018.09.19,MOA,0
1413,ADU,UE,1,3,1,10,S. Camacho,2,jump shot,2018.09.19,MOA,2
1414,ADU,UE,1,0,20,2,J. Ahanmisi,2,jump shot,2018.09.19,MOA,2
1415,ADU,UE,1,-25,10,1,S. Manganti,2,jump shot,2018.09.19,MOA,2
1416,ADU,UE,0,-3,6,2,J. Ahanmisi,2,jump shot,2018.09.19,MOA,0
1417,DLSU,NU,0,63,41,6,J. Manuel,3,jump shot,2018.09.19,MOA,0
1418,DLSU,NU,0,-43,28,11,A. Melecio,2,jump shot,2018.09.19,MOA,0
1419,DLSU,NU,1,-45,23,19,J. Baltazar,2,jump shot,2018.09.19,MOA,2
1420,DLSU,NU,0,-4,82,19,J. Baltazar,3,jump shot,2018.09.19,MOA,0
1421,DLSU,NU,0,20,23,19,J. Baltazar,2,jump shot,2018.09.19,MOA,0
1422,DLSU,NU,1,58,15,6,J. Manuel,2,jump shot,2018.09.19,MOA,2
1423,DLSU,NU,1,-34,23,30,A. Caracut,2,jump shot,2018.09.19,MOA,2
1424,DLSU,NU,0,-51,46,30,A. Caracut,3,jump shot,2018.09.19,MOA,0
1425,DLSU,NU,0,3,18,7,M. Dyke,2,jump shot,2018.09.19,MOA,0
1426,DLSU,NU,0,4,34,19,J. Baltazar,2,jump shot,2018.09.19,MOA,0
1427,DLSU,NU,1,6,6,7,M. Dyke,2,jump shot,2018.09.19,MOA,2
1428,DLSU,NU,0,23,37,25,L. Santillian,2,jump shot,2018.09.19,MOA,0
1429,DLSU,NU,0,-34,32,25,L. Santillian,2,jump shot,2018.09.19,MOA,0
1430,DLSU,NU,0,69,4,15,K. Montalbo,3,jump shot,2018.09.19,MOA,0
1431,DLSU,NU,1,42,7,25,L. Santillian,2,jump shot,2018.09.19,MOA,2
1432,DLSU,NU,0,-13,-1,3,M. Corteza,2,jump shot,2018.09.19,MOA,0
1433,DLSU,NU,0,68,0,30,A. Caracut,3,jump shot,2018.09.19,MOA,0
1434,DLSU,NU,1,11,19,15,K. Montalbo,2,jump shot,2018.09.19,MOA,2
1435,DLSU,NU,1,-25,15,25,L. Santillian,2,jump shot,2018.09.19,MOA,2
1436,DLSU,NU,1,-22,24,25,L. Santillian,2,jump shot,2018.09.19,MOA,2
1437,DLSU,NU,0,-67,23,15,K. Montalbo,3,jump shot,2018.09.19,MOA,0
1438,DLSU,NU,0,32,71,30,A. Caracut,3,jump shot,2018.09.19,MOA,0
1439,DLSU,NU,1,-3,2,19,J. Baltazar,2,jump shot,2018.09.19,MOA,2
1440,DLSU,NU,0,66,48,25,L. Santillian,3,jump shot,2018.09.19,MOA,0
1441,DLSU,NU,0,15,43,19,J. Baltazar,2,jump shot,2018.09.19,MOA,0
1442,DLSU,NU,0,-66,48,30,A. Caracut,3,jump shot,2018.09.19,MOA,0
1443,DLSU,NU,0,58,50,18,F. Serrano,3,jump shot,2018.09.19,MOA,0
1444,DLSU,NU,0,-11,5,19,J. Baltazar,2,jump shot,2018.09.19,MOA,0
1445,DLSU,NU,0,-70,31,16,J. Go,3,jump shot,2018.09.19,MOA,0
1446,DLSU,NU,0,6,19,6,J. Manuel,2,jump shot,2018.09.19,MOA,0
1447,DLSU,NU,0,-63,48,11,A. Melecio,3,jump shot,2018.09.19,MOA,0
1448,DLSU,NU,0,-13,74,16,J. Go,3,jump shot,2018.09.19,MOA,0
1449,DLSU,NU,0,68,-5,11,A. Melecio,3,jump shot,2018.09.19,MOA,0
1450,DLSU,NU,1,-13,22,19,J. Baltazar,2,jump shot,2018.09.19,MOA,2
1451,DLSU,NU,1,-9,5,6,J. Manuel,2,lay up,2018.09.19,MOA,2
1452,DLSU,NU,1,-8,-4,11,A. Melecio,2,lay up,2018.09.19,MOA,2
1453,DLSU,NU,1,55,53,16,J. Go,3,jump shot,2018.09.19,MOA,3
1454,DLSU,NU,0,-56,65,16,J. Go,3,jump shot,2018.09.19,MOA,0
1455,DLSU,NU,1,-9,1,25,L. Santillian,2,jump shot,2018.09.19,MOA,2
1456,DLSU,NU,0,12,16,11,A. Melecio,2,jump shot,2018.09.19,MOA,0
1457,DLSU,NU,0,-11,76,25,L. Santillian,3,jump shot,2018.09.19,MOA,0
1458,DLSU,NU,0,11,0,19,J. Baltazar,2,jump shot,2018.09.19,MOA,0
1459,DLSU,NU,0,-21,10,30,A. Caracut,2,jump shot,2018.09.19,MOA,0
1460,DLSU,NU,0,70,-9,11,A. Melecio,3,jump shot,2018.09.19,MOA,0
1461,DLSU,NU,0,67,-11,11,A. Melecio,3,jump shot,2018.09.19,MOA,0
1462,DLSU,NU,1,23,10,19,J. Baltazar,2,jump shot,2018.09.19,MOA,2
1463,DLSU,NU,0,60,50,25,L. Santillian,3,jump shot,2018.09.19,MOA,0
1464,DLSU,NU,1,-19,22,11,A. Melecio,2,jump shot,2018.09.19,MOA,2
1465,DLSU,NU,1,59,54,19,J. Baltazar,3,jump shot,2018.09.19,MOA,3
1466,DLSU,NU,1,4,4,11,A. Melecio,2,lay up,2018.09.19,MOA,2
1467,DLSU,NU,0,4,8,19,J. Baltazar,2,jump shot,2018.09.19,MOA,0
1468,DLSU,NU,0,-4,7,25,L. Santillian,2,jump shot,2018.09.19,MOA,0
1469,DLSU,NU,0,-16,-3,19,J. Baltazar,2,jump shot,2018.09.19,MOA,0
1470,DLSU,NU,1,-1,4,11,A. Melecio,2,lay up,2018.09.19,MOA,2
1471,DLSU,NU,0,38,-14,11,A. Melecio,3,jump shot,2018.09.19,MOA,0
1472,DLSU,NU,0,0,7,30,A. Caracut,2,jump shot,2018.09.19,MOA,0
1473,DLSU,NU,1,-3,11,19,J. Baltazar,2,jump shot,2018.09.19,MOA,2
1474,DLSU,NU,1,-67,38,11,A. Melecio,3,jump shot,2018.09.19,MOA,3
1475,DLSU,NU,0,-25,24,30,A. Caracut,2,jump shot,2018.09.19,MOA,0
1476,DLSU,NU,1,-22,14,30,A. Caracut,2,jump shot,2018.09.19,MOA,2
1477,DLSU,NU,0,65,40,16,J. Go,3,jump shot,2018.09.19,MOA,0
1478,DLSU,NU,1,-71,-4,16,J. Go,3,jump shot,2018.09.19,MOA,3
1479,DLSU,NU,1,-32,2,25,L. Santillian,2,jump shot,2018.09.19,MOA,2
1480,DLSU,NU,1,-69,32,16,J. Go,3,jump shot,2018.09.19,MOA,3
1481,DLSU,NU,0,-26,2,7,M. Dyke,2,jump shot,2018.09.19,MOA,0
1482,DLSU,NU,0,-60,52,15,K. Montalbo,3,jump shot,2018.09.19,MOA,0
1483,DLSU,NU,1,4,5,32,B. Bates,2,jump shot,2018.09.19,MOA,2
1484,DLSU,NU,0,-52,53,11,A. Melecio,3,jump shot,2018.09.19,MOA,0
1485,DLSU,NU,1,4,0,15,K. Montalbo,2,lay up,2018.09.19,MOA,2
1486,DLSU,NU,0,-74,-8,30,A. Caracut,3,jump shot,2018.09.19,MOA,0
1487,DLSU,NU,0,-44,12,25,L. Santillian,2,jump shot,2018.09.19,MOA,0
1488,DLSU,NU,1,-25,43,11,A. Melecio,2,jump shot,2018.09.19,MOA,2
1489,DLSU,NU,0,-6,5,19,J. Baltazar,2,jump shot,2018.09.19,MOA,0
1490,DLSU,NU,0,1,44,25,L. Santillian,2,jump shot,2018.09.19,MOA,0
1491,DLSU,NU,1,7,4,19,J. Baltazar,2,lay up,2018.09.19,MOA,2
1492,DLSU,NU,0,-5,0,15,K. Montalbo,2,jump shot,2018.09.19,MOA,0
1493,DLSU,NU,0,-7,-3,15,K. Montalbo,2,jump shot,2018.09.19,MOA,0
1494,DLSU,NU,1,8,8,11,A. Melecio,2,lay up,2018.09.19,MOA,2
1495,DLSU,NU,0,54,41,11,A. Melecio,2,jump shot,2018.09.19,MOA,0
1496,DLSU,NU,1,46,-2,19,J. Baltazar,2,jump shot,2018.09.19,MOA,2
1497,NU,DLSU,0,-19,2,1,D. Ildefonso,2,jump shot,2018.09.19,MOA,0
1498,NU,DLSU,0,39,43,0,S. Ildefonso,2,jump shot,2018.09.19,MOA,0
1499,NU,DLSU,0,-9,4,9,J. Clemente,2,jump shot,2018.09.19,MOA,0
1500,NU,DLSU,1,-1,13,10,I. Gaye,2,jump shot,2018.09.19,MOA,2
1501,NU,DLSU,1,31,40,1,D. Ildefonso,2,jump shot,2018.09.19,MOA,2
1502,NU,DLSU,1,6,4,0,S. Ildefonso,2,jump shot,2018.09.19,MOA,2
1503,NU,DLSU,1,-72,8,8,A. Joson,3,jump shot,2018.09.19,MOA,3
1504,NU,DLSU,0,-61,59,9,J. Clemente,3,jump shot,2018.09.19,MOA,0
1505,NU,DLSU,1,4,5,8,A. Joson,2,lay up,2018.09.19,MOA,2
1506,NU,DLSU,1,26,45,21,T. Rike,2,jump shot,2018.09.19,MOA,2
1507,NU,DLSU,1,74,2,9,J. Clemente,3,jump shot,2018.09.19,MOA,3
1508,NU,DLSU,0,27,70,9,J. Clemente,3,jump shot,2018.09.19,MOA,0
1509,NU,DLSU,1,14,27,19,J. Gallego,2,jump shot,2018.09.19,MOA,2
1510,NU,DLSU,0,-46,38,13,M. Aquino,2,jump shot,2018.09.19,MOA,0
1511,NU,DLSU,0,-31,17,5,A. Diputado,2,jump shot,2018.09.19,MOA,0
1512,NU,DLSU,0,36,28,19,J. Gallego,2,jump shot,2018.09.19,MOA,0
1513,NU,DLSU,0,-35,33,5,A. Diputado,2,jump shot,2018.09.19,MOA,0
1514,NU,DLSU,1,-42,33,21,T. Rike,2,jump shot,2018.09.19,MOA,2
1515,NU,DLSU,0,-62,39,15,D. Yu,3,jump shot,2018.09.19,MOA,0
1516,NU,DLSU,0,-20,5,27,J. Tibayan,2,jump shot,2018.09.19,MOA,0
1517,NU,DLSU,1,-20,-1,21,T. Rike,2,jump shot,2018.09.19,MOA,2
1518,NU,DLSU,1,-26,75,21,T. Rike,3,jump shot,2018.09.19,MOA,3
1519,NU,DLSU,0,-49,61,21,T. Rike,3,jump shot,2018.09.19,MOA,0
1520,NU,DLSU,0,-21,47,10,I. Gaye,2,jump shot,2018.09.19,MOA,0
1521,NU,DLSU,1,-8,4,1,D. Ildefonso,2,lay up,2018.09.19,MOA,2
1522,NU,DLSU,0,-27,76,1,D. Ildefonso,3,jump shot,2018.09.19,MOA,0
1523,NU,DLSU,0,72,2,9,J. Clemente,3,jump shot,2018.09.19,MOA,0
1524,NU,DLSU,1,47,21,1,D. Ildefonso,2,jump shot,2018.09.19,MOA,2
1525,NU,DLSU,0,66,-5,1,D. Ildefonso,3,jump shot,2018.09.19,MOA,0
1526,NU,DLSU,0,14,11,9,J. Clemente,2,jump shot,2018.09.19,MOA,0
1527,NU,DLSU,1,1,-8,9,J. Clemente,2,lay up,2018.09.19,MOA,2
1528,NU,DLSU,0,-16,-1,9,J. Clemente,2,jump shot,2018.09.19,MOA,0
1529,NU,DLSU,0,-31,5,1,D. Ildefonso,2,jump shot,2018.09.19,MOA,0
1530,NU,DLSU,0,73,-5,1,D. Ildefonso,3,jump shot,2018.09.19,MOA,0
1531,NU,DLSU,1,-1,-1,0,S. Ildefonso,2,lay up,2018.09.19,MOA,2
1532,NU,DLSU,0,3,9,0,S. Ildefonso,2,jump shot,2018.09.19,MOA,0
1533,NU,DLSU,1,0,0,10,I. Gaye,2,dunk,2018.09.19,MOA,2
1534,NU,DLSU,0,1,-3,9,J. Clemente,2,jump shot,2018.09.19,MOA,0
1535,NU,DLSU,1,-5,2,10,I. Gaye,2,jump shot,2018.09.19,MOA,2
1536,NU,DLSU,1,-2,-1,1,D. Ildefonso,2,lay up,2018.09.19,MOA,2
1537,NU,DLSU,0,-70,-7,9,J. Clemente,3,jump shot,2018.09.19,MOA,0
1538,NU,DLSU,0,-70,0,9,J. Clemente,3,jump shot,2018.09.19,MOA,0
1539,NU,DLSU,0,-18,5,1,D. Ildefonso,2,jump shot,2018.09.19,MOA,0
1540,NU,DLSU,0,-59,50,14,J. Galinato,3,jump shot,2018.09.19,MOA,0
1541,NU,DLSU,0,-65,23,15,D. Yu,3,jump shot,2018.09.19,MOA,0
1542,NU,DLSU,0,34,-6,6,J. Sinclair,2,jump shot,2018.09.19,MOA,0
1543,NU,DLSU,0,34,7,21,T. Rike,2,jump shot,2018.09.19,MOA,0
1544,NU,DLSU,0,3,5,21,T. Rike,2,jump shot,2018.09.19,MOA,0
1545,NU,DLSU,1,-8,7,6,J. Sinclair,2,lay up,2018.09.19,MOA,2
1546,NU,DLSU,1,-2,0,14,J. Galinato,2,lay up,2018.09.19,MOA,2
1547,NU,DLSU,0,3,3,8,A. Joson,2,jump shot,2018.09.19,MOA,0
1548,NU,DLSU,1,1,3,21,T. Rike,2,jump shot,2018.09.19,MOA,2
1549,NU,DLSU,0,-22,15,1,D. Ildefonso,2,jump shot,2018.09.19,MOA,0
1550,NU,DLSU,1,2,8,1,D. Ildefonso,2,jump shot,2018.09.19,MOA,2
1551,NU,DLSU,1,3,3,9,J. Clemente,2,jump shot,2018.09.19,MOA,2
1552,NU,DLSU,0,55,60,1,D. Ildefonso,3,jump shot,2018.09.19,MOA,0
1553,NU,DLSU,1,47,27,0,S. Ildefonso,2,jump shot,2018.09.19,MOA,2
1554,NU,DLSU,0,41,9,9,J. Clemente,2,jump shot,2018.09.19,MOA,0
1555,NU,DLSU,0,-3,5,0,S. Ildefonso,2,jump shot,2018.09.19,MOA,0
1556,NU,DLSU,1,-7,7,9,J. Clemente,2,jump shot,2018.09.19,MOA,2
1557,NU,DLSU,1,-3,2,1,D. Ildefonso,2,lay up,2018.09.19,MOA,2
1558,NU,DLSU,0,7,0,1,D. Ildefonso,2,jump shot,2018.09.19,MOA,0
1559,NU,DLSU,1,44,33,1,D. Ildefonso,2,jump shot,2018.09.19,MOA,2
1560,NU,DLSU,1,1,3,21,T. Rike,2,jump shot,2018.09.19,MOA,2
1561,NU,DLSU,0,-8,8,8,A. Joson,2,jump shot,2018.09.19,MOA,0
1562,NU,DLSU,0,61,62,0,S. Ildefonso,3,jump shot,2018.09.19,MOA,0
1563,ADU,UST,0,9,6,21,P. Sarr,2,jump shot,2018.09.22,SAC,0
1564,ADU,UST,0,5,17,2,J. Ahanmisi,2,jump shot,2018.09.22,SAC,0
1565,ADU,UST,0,56,50,1,S. Manganti,3,jump shot,2018.09.22,SAC,0
1566,ADU,UST,1,70,22,2,J. Ahanmisi,3,jump shot,2018.09.22,SAC,3
1567,ADU,UST,0,-59,45,1,S. Manganti,3,jump shot,2018.09.22,SAC,0
1568,ADU,UST,1,7,9,29,V. Magbuhos,2,jump shot,2018.09.22,SAC,2
1569,ADU,UST,0,2,8,17,J. Colonia,2,jump shot,2018.09.22,SAC,0
1570,ADU,UST,1,0,0,29,V. Magbuhos,2,dunk,2018.09.22,SAC,2
1571,ADU,UST,1,4,5,29,V. Magbuhos,2,lay up,2018.09.22,SAC,2
1572,ADU,UST,0,17,76,2,J. Ahanmisi,3,jump shot,2018.09.22,SAC,0
1573,ADU,UST,1,-7,4,4,C. Catapusan,2,lay up,2018.09.22,SAC,2
1574,ADU,UST,1,8,14,21,P. Sarr,2,jump shot,2018.09.22,SAC,2
1575,ADU,UST,1,18,25,14,J. Pingoy,2,jump shot,2018.09.22,SAC,2
1576,ADU,UST,1,7,5,10,S. Camacho,2,lay up,2018.09.22,SAC,2
1577,ADU,UST,0,68,27,11,J. Espeleta,3,jump shot,2018.09.22,SAC,0
1578,ADU,UST,0,15,8,4,C. Catapusan,2,jump shot,2018.09.22,SAC,0
1579,ADU,UST,0,20,10,11,J. Espeleta,2,jump shot,2018.09.22,SAC,0
1580,ADU,UST,1,40,17,14,J. Pingoy,2,jump shot,2018.09.22,SAC,2
1581,ADU,UST,0,-10,9,4,C. Catapusan,2,jump shot,2018.09.22,SAC,0
1582,ADU,UST,0,18,11,4,C. Catapusan,2,jump shot,2018.09.22,SAC,0
1583,ADU,UST,1,-5,4,10,S. Camacho,2,lay up,2018.09.22,SAC,2
1584,ADU,UST,1,-47,0,11,J. Espeleta,2,jump shot,2018.09.22,SAC,2
1585,ADU,UST,0,-2,80,11,J. Espeleta,3,jump shot,2018.09.22,SAC,0
1586,ADU,UST,0,70,-1,7,J. Lastimosa,3,jump shot,2018.09.22,SAC,0
1587,ADU,UST,1,-6,12,2,J. Ahanmisi,2,jump shot,2018.09.22,SAC,2
1588,ADU,UST,0,-36,68,1,S. Manganti,3,jump shot,2018.09.22,SAC,0
1589,ADU,UST,0,3,32,1,S. Manganti,2,jump shot,2018.09.22,SAC,0
1590,ADU,UST,0,15,10,21,P. Sarr,2,jump shot,2018.09.22,SAC,0
1591,ADU,UST,1,6,4,7,J. Lastimosa,2,lay up,2018.09.22,SAC,2
1592,ADU,UST,1,2,8,29,V. Magbuhos,2,lay up,2018.09.22,SAC,2
1593,ADU,UST,1,0,9,29,V. Magbuhos,2,lay up,2018.09.22,SAC,2
1594,ADU,UST,1,-1,37,11,J. Espeleta,2,jump shot,2018.09.22,SAC,2
1595,ADU,UST,0,-7,6,7,J. Lastimosa,2,jump shot,2018.09.22,SAC,0
1596,ADU,UST,0,-15,74,1,S. Manganti,3,jump shot,2018.09.22,SAC,0
1597,ADU,UST,0,70,2,1,S. Manganti,3,jump shot,2018.09.22,SAC,0
1598,ADU,UST,0,0,80,14,J. Pingoy,3,jump shot,2018.09.22,SAC,0
1599,ADU,UST,1,7,0,29,V. Magbuhos,2,jump shot,2018.09.22,SAC,2
1600,ADU,UST,0,-39,64,2,J. Ahanmisi,3,jump shot,2018.09.22,SAC,0
1601,ADU,UST,0,-52,64,14,J. Pingoy,3,jump shot,2018.09.22,SAC,0
1602,ADU,UST,1,23,38,2,J. Ahanmisi,2,jump shot,2018.09.22,SAC,2
1603,ADU,UST,1,9,4,29,V. Magbuhos,2,lay up,2018.09.22,SAC,2
1604,ADU,UST,0,38,28,2,J. Ahanmisi,2,jump shot,2018.09.22,SAC,0
1605,ADU,UST,0,0,8,2,J. Ahanmisi,2,jump shot,2018.09.22,SAC,0
1606,ADU,UST,0,7,0,10,S. Camacho,2,jump shot,2018.09.22,SAC,0
1607,ADU,UST,0,-58,50,2,J. Ahanmisi,3,jump shot,2018.09.22,SAC,0
1608,ADU,UST,0,-3,22,29,V. Magbuhos,2,jump shot,2018.09.22,SAC,0
1609,ADU,UST,0,-45,8,11,J. Espeleta,2,jump shot,2018.09.22,SAC,0
1610,ADU,UST,1,-38,35,11,J. Espeleta,2,jump shot,2018.09.22,SAC,2
1611,ADU,UST,0,1,21,21,P. Sarr,2,jump shot,2018.09.22,SAC,0
1612,ADU,UST,1,-8,12,10,S. Camacho,2,jump shot,2018.09.22,SAC,2
1613,ADU,UST,1,-27,15,11,J. Espeleta,2,jump shot,2018.09.22,SAC,2
1614,ADU,UST,1,7,3,2,J. Ahanmisi,2,lay up,2018.09.22,SAC,2
1615,ADU,UST,0,71,-2,17,J. Colonia,3,jump shot,2018.09.22,SAC,0
1616,ADU,UST,1,-8,7,20,K. Bernardo,2,jump shot,2018.09.22,SAC,2
1617,ADU,UST,0,0,6,29,V. Magbuhos,2,jump shot,2018.09.22,SAC,0
1618,ADU,UST,0,-10,2,20,K. Bernardo,2,jump shot,2018.09.22,SAC,0
1619,ADU,UST,1,-47,60,2,J. Ahanmisi,3,jump shot,2018.09.22,SAC,3
1620,ADU,UST,0,4,18,2,J. Ahanmisi,2,jump shot,2018.09.22,SAC,0
1621,ADU,UST,1,-36,41,2,J. Ahanmisi,2,jump shot,2018.09.22,SAC,2
1622,ADU,UST,0,-38,65,2,J. Ahanmisi,3,jump shot,2018.09.22,SAC,0
1623,ADU,UST,1,8,4,20,K. Bernardo,2,jump shot,2018.09.22,SAC,2
1624,ADU,UST,1,8,4,20,K. Bernardo,2,lay up,2018.09.22,SAC,2
1625,ADU,UST,0,18,3,7,J. Lastimosa,2,jump shot,2018.09.22,SAC,0
1626,ADU,UST,1,2,10,2,J. Ahanmisi,2,lay up,2018.09.22,SAC,2
1627,ADU,UST,1,1,8,2,J. Ahanmisi,2,lay up,2018.09.22,SAC,2
1628,ADU,UST,0,17,38,2,J. Ahanmisi,2,jump shot,2018.09.22,SAC,0
1629,ADU,UST,0,-9,12,10,S. Camacho,2,jump shot,2018.09.22,SAC,0
1630,ADU,UST,1,-43,21,11,J. Espeleta,2,jump shot,2018.09.22,SAC,2
1631,ADU,UST,0,-70,1,1,S. Manganti,3,jump shot,2018.09.22,SAC,0
1632,ADU,UST,0,9,0,11,J. Espeleta,2,jump shot,2018.09.22,SAC,0
1633,ADU,UST,0,2,73,11,J. Espeleta,3,jump shot,2018.09.22,SAC,0
1634,ADU,UST,0,40,8,2,J. Ahanmisi,2,jump shot,2018.09.22,SAC,0
1635,ADU,UST,1,-54,37,7,J. Lastimosa,2,jump shot,2018.09.22,SAC,2
1636,UST,ADU,0,-9,3,27,C. Cansino,2,jump shot,2018.09.22,SAC,0
1637,UST,ADU,1,-43,63,6,M. Lee,3,jump shot,2018.09.22,SAC,3
1638,UST,ADU,1,17,46,13,Z. Huang,2,jump shot,2018.09.22,SAC,2
1639,UST,ADU,0,-10,12,27,C. Cansino,2,jump shot,2018.09.22,SAC,0
1640,UST,ADU,1,3,9,27,C. Cansino,2,jump shot,2018.09.22,SAC,2
1641,UST,ADU,0,-22,41,16,N. Consejo,2,jump shot,2018.09.22,SAC,0
1642,UST,ADU,1,6,0,10,J. Lagumen,2,lay up,2018.09.22,SAC,2
1643,UST,ADU,1,-35,4,26,G. Mahinay,2,jump shot,2018.09.22,SAC,2
1644,UST,ADU,0,51,58,8,K. Zamora,3,jump shot,2018.09.22,SAC,0
1645,UST,ADU,0,41,62,5,R. Subido,3,jump shot,2018.09.22,SAC,0
1646,UST,ADU,1,-31,36,0,S. Akomo,2,jump shot,2018.09.22,SAC,2
1647,UST,ADU,0,-8,2,5,R. Subido,2,jump shot,2018.09.22,SAC,0
1648,UST,ADU,0,-17,25,16,N. Consejo,2,jump shot,2018.09.22,SAC,0
1649,UST,ADU,0,-8,18,10,J. Lagumen,2,jump shot,2018.09.22,SAC,0
1650,UST,ADU,1,-11,3,16,N. Consejo,2,alley oop,2018.09.22,SAC,2
1651,UST,ADU,1,-8,3,16,N. Consejo,2,lay up,2018.09.22,SAC,2
1652,UST,ADU,0,7,4,27,C. Cansino,2,jump shot,2018.09.22,SAC,0
1653,UST,ADU,1,-25,70,6,M. Lee,3,jump shot,2018.09.22,SAC,3
1654,UST,ADU,0,-24,3,6,M. Lee,2,jump shot,2018.09.22,SAC,0
1655,UST,ADU,1,8,0,7,J. Marcos,2,jump shot,2018.09.22,SAC,2
1656,UST,ADU,1,-40,39,13,Z. Huang,2,jump shot,2018.09.22,SAC,2
1657,UST,ADU,1,-8,3,27,C. Cansino,2,lay up,2018.09.22,SAC,2
1658,UST,ADU,0,-52,50,6,M. Lee,3,jump shot,2018.09.22,SAC,0
1659,UST,ADU,0,-7,2,27,C. Cansino,2,jump shot,2018.09.22,SAC,0
1660,UST,ADU,1,-19,4,27,C. Cansino,2,jump shot,2018.09.22,SAC,2
1661,UST,ADU,1,-40,65,6,M. Lee,3,jump shot,2018.09.22,SAC,3
1662,UST,ADU,0,8,7,8,K. Zamora,2,jump shot,2018.09.22,SAC,0
1663,UST,ADU,1,62,44,6,M. Lee,3,jump shot,2018.09.22,SAC,3
1664,UST,ADU,0,-42,61,6,M. Lee,3,jump shot,2018.09.22,SAC,0
1665,UST,ADU,0,33,18,5,R. Subido,2,jump shot,2018.09.22,SAC,0
1666,UST,ADU,1,7,8,27,C. Cansino,2,lay up,2018.09.22,SAC,2
1667,UST,ADU,1,0,8,27,C. Cansino,2,jump shot,2018.09.22,SAC,2
1668,UST,ADU,0,55,49,5,R. Subido,3,jump shot,2018.09.22,SAC,0
1669,UST,ADU,1,61,49,8,K. Zamora,3,jump shot,2018.09.22,SAC,3
1670,UST,ADU,1,40,40,5,R. Subido,2,jump shot,2018.09.22,SAC,2
1671,UST,ADU,0,-35,7,5,R. Subido,2,jump shot,2018.09.22,SAC,0
1672,UST,ADU,0,-9,5,0,S. Akomo,2,jump shot,2018.09.22,SAC,0
1673,UST,ADU,0,5,12,0,S. Akomo,2,jump shot,2018.09.22,SAC,0
1674,UST,ADU,0,68,17,5,R. Subido,3,jump shot,2018.09.22,SAC,0
1675,UST,ADU,0,-8,8,16,N. Consejo,2,jump shot,2018.09.22,SAC,0
1676,UST,ADU,0,9,9,26,G. Mahinay,2,jump shot,2018.09.22,SAC,0
1677,UST,ADU,1,13,18,27,C. Cansino,2,jump shot,2018.09.22,SAC,2
1678,UST,ADU,0,71,0,6,M. Lee,3,jump shot,2018.09.22,SAC,0
1679,UST,ADU,0,1,14,27,C. Cansino,2,jump shot,2018.09.22,SAC,0
1680,UST,ADU,1,-6,4,0,S. Akomo,2,jump shot,2018.09.22,SAC,2
1681,UST,ADU,0,-5,29,7,J. Marcos,2,jump shot,2018.09.22,SAC,0
1682,UST,ADU,1,-7,3,27,C. Cansino,2,lay up,2018.09.22,SAC,2
1683,UST,ADU,1,-7,4,7,J. Marcos,2,lay up,2018.09.22,SAC,2
1684,UST,ADU,0,-8,5,7,J. Marcos,2,jump shot,2018.09.22,SAC,0
1685,UST,ADU,1,62,40,5,R. Subido,3,jump shot,2018.09.22,SAC,3
1686,UST,ADU,0,-37,65,5,R. Subido,3,jump shot,2018.09.22,SAC,0
1687,UST,ADU,1,-1,12,0,S. Akomo,2,jump shot,2018.09.22,SAC,2
1688,UST,ADU,0,7,8,27,C. Cansino,2,jump shot,2018.09.22,SAC,0
1689,UST,ADU,0,31,1,27,C. Cansino,2,jump shot,2018.09.22,SAC,0
1690,UST,ADU,0,-19,76,6,M. Lee,3,jump shot,2018.09.22,SAC,0
1691,UST,ADU,0,-3,76,6,M. Lee,3,jump shot,2018.09.22,SAC,0
1692,NU,ADMU,0,66,35,1,D. Ildefonso,3,jump shot,2018.09.22,SAC,0
1693,NU,ADMU,0,39,28,10,I. Gaye,2,jump shot,2018.09.22,SAC,0
1694,NU,ADMU,1,-6,3,8,A. Joson,2,lay up,2018.09.22,SAC,2
1695,NU,ADMU,1,-7,1,1,D. Ildefonso,2,lay up,2018.09.22,SAC,2
1696,NU,ADMU,0,-45,3,9,J. Clemente,2,jump shot,2018.09.22,SAC,0
1697,NU,ADMU,0,-55,61,1,D. Ildefonso,3,jump shot,2018.09.22,SAC,0
1698,NU,ADMU,0,63,44,9,J. Clemente,3,jump shot,2018.09.22,SAC,0
1699,NU,ADMU,0,-72,8,9,J. Clemente,3,jump shot,2018.09.22,SAC,0
1700,NU,ADMU,0,6,3,8,A. Joson,2,jump shot,2018.09.22,SAC,0
1701,NU,ADMU,0,-7,13,0,S. Ildefonso,2,jump shot,2018.09.22,SAC,0
1702,NU,ADMU,0,1,11,9,J. Clemente,2,jump shot,2018.09.22,SAC,0
1703,NU,ADMU,0,-70,6,15,D. Yu,3,jump shot,2018.09.22,SAC,0
1704,NU,ADMU,0,43,63,0,S. Ildefonso,3,jump shot,2018.09.22,SAC,0
1705,NU,ADMU,1,7,3,8,A. Joson,2,lay up,2018.09.22,SAC,2
1706,NU,ADMU,0,8,7,19,J. Gallego,2,jump shot,2018.09.22,SAC,0
1707,NU,ADMU,0,0,9,27,J. Tibayan,2,jump shot,2018.09.22,SAC,0
1708,NU,ADMU,0,8,8,19,J. Gallego,2,jump shot,2018.09.22,SAC,0
1709,NU,ADMU,0,-9,1,5,A. Diputado,2,jump shot,2018.09.22,SAC,0
1710,NU,ADMU,0,70,-2,19,J. Gallego,3,jump shot,2018.09.22,SAC,0
1711,NU,ADMU,0,0,50,19,J. Gallego,2,jump shot,2018.09.22,SAC,0
1712,NU,ADMU,0,11,7,14,J. Galinato,2,jump shot,2018.09.22,SAC,0
1713,NU,ADMU,0,12,24,19,J. Gallego,2,jump shot,2018.09.22,SAC,0
1714,NU,ADMU,1,-66,31,9,J. Clemente,3,jump shot,2018.09.22,SAC,3
1715,NU,ADMU,1,10,4,1,D. Ildefonso,2,lay up,2018.09.22,SAC,2
1716,NU,ADMU,0,-29,13,8,A. Joson,2,jump shot,2018.09.22,SAC,0
1717,NU,ADMU,1,-1,7,8,A. Joson,2,lay up,2018.09.22,SAC,2
1718,NU,ADMU,1,6,19,8,A. Joson,2,jump shot,2018.09.22,SAC,2
1719,NU,ADMU,0,4,74,1,D. Ildefonso,3,jump shot,2018.09.22,SAC,0
1720,NU,ADMU,0,-43,5,9,J. Clemente,2,jump shot,2018.09.22,SAC,0
1721,NU,ADMU,0,68,27,1,D. Ildefonso,3,jump shot,2018.09.22,SAC,0
1722,NU,ADMU,0,8,8,10,I. Gaye,2,jump shot,2018.09.22,SAC,0
1723,NU,ADMU,0,0,17,10,I. Gaye,2,jump shot,2018.09.22,SAC,0
1724,NU,ADMU,0,-1,11,8,A. Joson,2,jump shot,2018.09.22,SAC,0
1725,NU,ADMU,1,-3,8,0,S. Ildefonso,2,jump shot,2018.09.22,SAC,2
1726,NU,ADMU,0,5,48,10,I. Gaye,2,jump shot,2018.09.22,SAC,0
1727,NU,ADMU,0,-69,5,9,J. Clemente,3,jump shot,2018.09.22,SAC,0
1728,NU,ADMU,0,9,16,10,I. Gaye,2,jump shot,2018.09.22,SAC,0
1729,NU,ADMU,0,-48,57,1,D. Ildefonso,3,jump shot,2018.09.22,SAC,0
1730,NU,ADMU,0,-12,12,0,S. Ildefonso,2,jump shot,2018.09.22,SAC,0
1731,NU,ADMU,0,-19,30,9,J. Clemente,2,jump shot,2018.09.22,SAC,0
1732,NU,ADMU,0,-18,38,10,I. Gaye,2,jump shot,2018.09.22,SAC,0
1733,NU,ADMU,1,9,4,9,J. Clemente,2,lay up,2018.09.22,SAC,2
1734,NU,ADMU,0,-34,50,0,S. Ildefonso,2,jump shot,2018.09.22,SAC,0
1735,NU,ADMU,0,19,-1,9,J. Clemente,2,jump shot,2018.09.22,SAC,0
1736,NU,ADMU,0,-11,2,10,I. Gaye,2,jump shot,2018.09.22,SAC,0
1737,NU,ADMU,1,8,2,27,J. Tibayan,2,lay up,2018.09.22,SAC,2
1738,NU,ADMU,0,69,0,5,A. Diputado,3,jump shot,2018.09.22,SAC,0
1739,NU,ADMU,1,10,2,21,T. Rike,2,lay up,2018.09.22,SAC,2
1740,NU,ADMU,0,-44,5,19,J. Gallego,2,jump shot,2018.09.22,SAC,0
1741,NU,ADMU,0,13,3,19,J. Gallego,2,jump shot,2018.09.22,SAC,0
1742,NU,ADMU,1,-8,4,27,J. Tibayan,2,lay up,2018.09.22,SAC,2
1743,NU,ADMU,0,7,3,14,J. Galinato,2,jump shot,2018.09.22,SAC,0
1744,NU,ADMU,1,-6,50,27,J. Tibayan,2,jump shot,2018.09.22,SAC,2
1745,NU,ADMU,0,-11,8,14,J. Galinato,2,jump shot,2018.09.22,SAC,0
1746,NU,ADMU,1,17,0,19,J. Gallego,2,lay up,2018.09.22,SAC,2
1747,NU,ADMU,0,-9,3,5,A. Diputado,2,jump shot,2018.09.22,SAC,0
1748,NU,ADMU,0,1,73,21,T. Rike,3,jump shot,2018.09.22,SAC,0
1749,NU,ADMU,1,1,10,8,A. Joson,2,lay up,2018.09.22,SAC,2
1750,NU,ADMU,0,42,59,1,D. Ildefonso,3,jump shot,2018.09.22,SAC,0
1751,NU,ADMU,0,0,16,10,I. Gaye,2,jump shot,2018.09.22,SAC,0
1752,NU,ADMU,1,8,1,9,J. Clemente,2,lay up,2018.09.22,SAC,2
1753,NU,ADMU,1,45,30,19,J. Gallego,2,jump shot,2018.09.22,SAC,2
1754,NU,ADMU,0,19,21,6,J. Sinclair,2,jump shot,2018.09.22,SAC,0
1755,NU,ADMU,1,5,48,19,J. Gallego,2,jump shot,2018.09.22,SAC,2
1756,NU,ADMU,0,-34,68,19,J. Gallego,3,jump shot,2018.09.22,SAC,0
1757,ADMU,NU,0,-7,8,0,T. Ravena,2,jump shot,2018.09.22,SAC,0
1758,ADMU,NU,0,-51,62,12,J. Nieto,3,jump shot,2018.09.22,SAC,0
1759,ADMU,NU,0,-1,74,12,J. Nieto,3,jump shot,2018.09.22,SAC,0
1760,ADMU,NU,1,42,37,22,R. Verano,2,jump shot,2018.09.22,SAC,2
1761,ADMU,NU,0,69,16,4,A. Asistio,3,jump shot,2018.09.22,SAC,0
1762,ADMU,NU,0,42,17,0,T. Ravena,2,jump shot,2018.09.22,SAC,0
1763,ADMU,NU,0,-58,53,4,A. Asistio,3,jump shot,2018.09.22,SAC,0
1764,ADMU,NU,1,-67,26,4,A. Asistio,3,jump shot,2018.09.22,SAC,3
1765,ADMU,NU,1,9,3,0,T. Ravena,2,lay up,2018.09.22,SAC,2
1766,ADMU,NU,0,7,0,34,A. Kouame,2,jump shot,2018.09.22,SAC,0
1767,ADMU,NU,0,5,72,34,A. Kouame,3,jump shot,2018.09.22,SAC,0
1768,ADMU,NU,0,-30,70,11,I. Go,3,jump shot,2018.09.22,SAC,0
1769,ADMU,NU,1,-9,6,0,T. Ravena,2,lay up,2018.09.22,SAC,2
1770,ADMU,NU,0,5,3,0,T. Ravena,2,jump shot,2018.09.22,SAC,0
1771,ADMU,NU,1,-9,2,12,J. Nieto,2,lay up,2018.09.22,SAC,2
1772,ADMU,NU,0,7,4,13,W. Navarro,2,jump shot,2018.09.22,SAC,0
1773,ADMU,NU,0,-67,39,3,A. Wong,3,jump shot,2018.09.22,SAC,0
1774,ADMU,NU,0,-13,14,7,M. Nieto,2,jump shot,2018.09.22,SAC,0
1775,ADMU,NU,0,-6,78,3,A. Wong,3,jump shot,2018.09.22,SAC,0
1776,ADMU,NU,0,7,7,11,I. Go,2,jump shot,2018.09.22,SAC,0
1777,ADMU,NU,0,71,2,7,M. Nieto,3,jump shot,2018.09.22,SAC,0
1778,ADMU,NU,0,14,76,13,W. Navarro,3,jump shot,2018.09.22,SAC,0
1779,ADMU,NU,0,19,76,3,A. Wong,3,jump shot,2018.09.22,SAC,0
1780,ADMU,NU,1,71,-2,7,M. Nieto,3,jump shot,2018.09.22,SAC,3
1781,ADMU,NU,0,-12,5,11,I. Go,2,jump shot,2018.09.22,SAC,0
1782,ADMU,NU,1,47,58,11,I. Go,3,jump shot,2018.09.22,SAC,3
1783,ADMU,NU,0,-21,5,3,A. Wong,2,jump shot,2018.09.22,SAC,0
1784,ADMU,NU,1,3,73,3,A. Wong,3,jump shot,2018.09.22,SAC,3
1785,ADMU,NU,1,-9,4,7,M. Nieto,2,lay up,2018.09.22,SAC,2
1786,ADMU,NU,0,16,2,34,A. Kouame,2,jump shot,2018.09.22,SAC,0
1787,ADMU,NU,1,-4,9,34,A. Kouame,2,jump shot,2018.09.22,SAC,2
1788,ADMU,NU,0,10,5,0,T. Ravena,2,jump shot,2018.09.22,SAC,0
1789,ADMU,NU,0,-27,69,10,J. Mendoza,3,jump shot,2018.09.22,SAC,0
1790,ADMU,NU,0,-11,76,22,R. Verano,3,jump shot,2018.09.22,SAC,0
1791,ADMU,NU,1,0,2,0,T. Ravena,2,dunk,2018.09.22,SAC,2
1792,ADMU,NU,1,-23,68,0,T. Ravena,3,jump shot,2018.09.22,SAC,3
1793,ADMU,NU,1,8,3,22,R. Verano,2,jump shot,2018.09.22,SAC,2
1794,ADMU,NU,0,-39,66,5,G. Mamuyac,3,jump shot,2018.09.22,SAC,0
1795,ADMU,NU,0,-34,33,0,T. Ravena,2,jump shot,2018.09.22,SAC,0
1796,ADMU,NU,0,-8,3,0,T. Ravena,2,jump shot,2018.09.22,SAC,0
1797,ADMU,NU,0,0,15,34,A. Kouame,2,jump shot,2018.09.22,SAC,0
1798,ADMU,NU,0,-32,75,10,J. Mendoza,3,jump shot,2018.09.22,SAC,0
1799,ADMU,NU,0,0,73,10,J. Mendoza,3,jump shot,2018.09.22,SAC,0
1800,ADMU,NU,0,-35,9,4,A. Asistio,2,jump shot,2018.09.22,SAC,0
1801,ADMU,NU,0,-27,69,11,I. Go,3,jump shot,2018.09.22,SAC,0
1802,ADMU,NU,1,13,77,4,A. Asistio,3,jump shot,2018.09.22,SAC,3
1803,ADMU,NU,1,7,6,0,T. Ravena,2,lay up,2018.09.22,SAC,2
1804,ADMU,NU,1,-33,15,22,R. Verano,2,jump shot,2018.09.22,SAC,2
1805,ADMU,NU,1,-62,39,4,A. Asistio,3,jump shot,2018.09.22,SAC,3
1806,ADMU,NU,0,3,75,22,R. Verano,3,jump shot,2018.09.22,SAC,0
1807,ADMU,NU,0,41,66,19,T. Tio,3,jump shot,2018.09.22,SAC,0
1808,ADMU,NU,1,-3,8,0,T. Ravena,2,lay up,2018.09.22,SAC,2
1809,ADMU,NU,0,62,32,11,I. Go,3,jump shot,2018.09.22,SAC,0
1810,ADMU,NU,1,7,4,3,A. Wong,2,jump shot,2018.09.22,SAC,2
1811,ADMU,NU,0,43,12,8,A. Black,2,jump shot,2018.09.22,SAC,0
1812,ADMU,NU,0,46,29,11,I. Go,2,jump shot,2018.09.22,SAC,0
1813,ADMU,NU,1,7,0,8,A. Black,2,lay up,2018.09.22,SAC,2
1814,ADMU,NU,1,-9,7,8,A. Black,2,lay up,2018.09.22,SAC,2
1815,ADMU,NU,1,-8,5,3,A. Wong,2,lay up,2018.09.22,SAC,2
1816,ADMU,NU,0,69,-2,5,G. Mamuyac,3,jump shot,2018.09.22,SAC,0
1817,ADMU,NU,0,-36,43,7,M. Nieto,2,jump shot,2018.09.22,SAC,0
1818,ADMU,NU,1,-8,78,27,S. Belangel,3,jump shot,2018.09.22,SAC,3
1819,ADMU,NU,0,72,-4,5,G. Mamuyac,3,jump shot,2018.09.22,SAC,0
1820,ADMU,NU,1,0,13,8,A. Black,2,jump shot,2018.09.22,SAC,2
1821,ADMU,NU,0,50,53,11,I. Go,3,jump shot,2018.09.22,SAC,0
1822,ADMU,NU,1,-2,12,27,S. Belangel,2,jump shot,2018.09.22,SAC,2
1823,ADMU,NU,1,-37,64,11,I. Go,3,jump shot,2018.09.22,SAC,3
1824,ADMU,NU,0,-58,51,8,A. Black,3,jump shot,2018.09.22,SAC,0
1825,ADMU,NU,1,8,4,21,M. Daves,2,lay up,2018.09.22,SAC,2
1826,ADMU,NU,1,71,10,2,B. Andrade,3,jump shot,2018.09.22,SAC,3
1827,ADMU,NU,0,58,45,2,B. Andrade,3,jump shot,2018.09.22,SAC,0
1828,ADMU,NU,1,0,8,7,M. Nieto,2,jump shot,2018.09.22,SAC,2
1829,UP,FEU,0,10,7,13,J. Manzo,2,jump shot,2018.09.23,FFVA,0
1830,UP,FEU,0,24,79,1,Ju. Gomez de Liaño,3,jump shot,2018.09.23,FFVA,0
1831,UP,FEU,1,-43,63,15,C. Vito,3,jump shot,2018.09.23,FFVA,3
1832,UP,FEU,0,60,47,15,C. Vito,3,jump shot,2018.09.23,FFVA,0
1833,UP,FEU,1,1,75,18,P. Desiderio,3,jump shot,2018.09.23,FFVA,3
1834,UP,FEU,0,-8,4,1,Ju. Gomez de Liaño,2,jump shot,2018.09.23,FFVA,0
1835,UP,FEU,0,-58,49,18,P. Desiderio,3,jump shot,2018.09.23,FFVA,0
1836,UP,FEU,0,38,13,0,B. Akhuetie,2,jump shot,2018.09.23,FFVA,0
1837,UP,FEU,1,-44,4,13,J. Manzo,2,jump shot,2018.09.23,FFVA,2
1838,UP,FEU,0,-11,12,0,B. Akhuetie,2,jump shot,2018.09.23,FFVA,0
1839,UP,FEU,0,49,16,0,B. Akhuetie,2,jump shot,2018.09.23,FFVA,0
1840,UP,FEU,0,52,15,1,Ju. Gomez de Liaño,2,jump shot,2018.09.23,FFVA,0
1841,UP,FEU,0,7,20,0,B. Akhuetie,2,jump shot,2018.09.23,FFVA,0
1842,UP,FEU,1,43,27,18,P. Desiderio,2,jump shot,2018.09.23,FFVA,2
1843,UP,FEU,0,57,53,18,P. Desiderio,3,jump shot,2018.09.23,FFVA,0
1844,UP,FEU,1,9,74,6,Ja. Gomez de Liaño,3,jump shot,2018.09.23,FFVA,3
1845,UP,FEU,0,-25,7,6,Ja. Gomez de Liaño,2,jump shot,2018.09.23,FFVA,0
1846,UP,FEU,0,22,50,5,D. Dario,2,jump shot,2018.09.23,FFVA,0
1847,UP,FEU,1,18,2,6,Ja. Gomez de Liaño,2,jump shot,2018.09.23,FFVA,2
1848,UP,FEU,0,8,3,11,F. Tungcab,2,jump shot,2018.09.23,FFVA,0
1849,UP,FEU,0,-8,54,11,F. Tungcab,2,jump shot,2018.09.23,FFVA,0
1850,UP,FEU,1,-7,7,20,J. Prado,2,jump shot,2018.09.23,FFVA,2
1851,UP,FEU,1,71,-4,6,Ja. Gomez de Liaño,3,jump shot,2018.09.23,FFVA,3
1852,UP,FEU,1,-70,5,1,Ju. Gomez de Liaño,3,jump shot,2018.09.23,FFVA,3
1853,UP,FEU,0,-2,23,0,B. Akhuetie,2,jump shot,2018.09.23,FFVA,0
1854,UP,FEU,1,3,16,13,J. Manzo,2,jump shot,2018.09.23,FFVA,2
1855,UP,FEU,1,-44,62,6,Ja. Gomez de Liaño,3,jump shot,2018.09.23,FFVA,3
1856,UP,FEU,0,3,14,13,J. Manzo,2,jump shot,2018.09.23,FFVA,0
1857,UP,FEU,0,41,38,0,B. Akhuetie,2,jump shot,2018.09.23,FFVA,0
1858,UP,FEU,0,58,48,6,Ja. Gomez de Liaño,3,jump shot,2018.09.23,FFVA,0
1859,UP,FEU,1,41,17,18,P. Desiderio,2,jump shot,2018.09.23,FFVA,2
1860,UP,FEU,0,67,28,18,P. Desiderio,3,jump shot,2018.09.23,FFVA,0
1861,UP,FEU,0,-10,2,0,B. Akhuetie,2,jump shot,2018.09.23,FFVA,0
1862,UP,FEU,0,-1,14,13,J. Manzo,2,jump shot,2018.09.23,FFVA,0
1863,UP,FEU,0,10,4,18,P. Desiderio,2,jump shot,2018.09.23,FFVA,0
1864,UP,FEU,1,-7,3,0,B. Akhuetie,2,jump shot,2018.09.23,FFVA,2
1865,UP,FEU,1,9,0,10,D. Murrell,2,jump shot,2018.09.23,FFVA,2
1866,UP,FEU,0,-5,74,18,P. Desiderio,3,jump shot,2018.09.23,FFVA,0
1867,UP,FEU,1,6,2,1,Ju. Gomez de Liaño,2,lay up,2018.09.23,FFVA,2
1868,UP,FEU,0,8,9,1,Ju. Gomez de Liaño,2,jump shot,2018.09.23,FFVA,0
1869,UP,FEU,1,-3,46,1,Ju. Gomez de Liaño,2,jump shot,2018.09.23,FFVA,2
1870,UP,FEU,1,-7,2,12,J. Lim,2,lay up,2018.09.23,FFVA,2
1871,UP,FEU,0,70,2,12,J. Lim,3,jump shot,2018.09.23,FFVA,0
1872,UP,FEU,0,53,53,18,P. Desiderio,3,jump shot,2018.09.23,FFVA,0
1873,UP,FEU,0,-43,21,13,J. Manzo,2,jump shot,2018.09.23,FFVA,0
1874,UP,FEU,0,-37,29,1,Ju. Gomez de Liaño,2,jump shot,2018.09.23,FFVA,0
1875,UP,FEU,0,-11,74,6,Ja. Gomez de Liaño,3,jump shot,2018.09.23,FFVA,0
1876,UP,FEU,0,-68,-3,1,Ju. Gomez de Liaño,3,jump shot,2018.09.23,FFVA,0
1877,UP,FEU,0,9,7,13,J. Manzo,2,jump shot,2018.09.23,FFVA,0
1878,UP,FEU,1,10,2,6,Ja. Gomez de Liaño,2,jump shot,2018.09.23,FFVA,2
1879,UP,FEU,1,8,2,13,J. Manzo,2,lay up,2018.09.23,FFVA,2
1880,UP,FEU,1,-11,3,13,J. Manzo,2,lay up,2018.09.23,FFVA,2
1881,UP,FEU,1,-2,10,20,J. Prado,2,jump shot,2018.09.23,FFVA,2
1882,UP,FEU,0,9,12,6,Ja. Gomez de Liaño,2,jump shot,2018.09.23,FFVA,0
1883,UP,FEU,0,-9,5,6,Ja. Gomez de Liaño,2,jump shot,2018.09.23,FFVA,0
1884,UP,FEU,1,1,8,20,J. Prado,2,jump shot,2018.09.23,FFVA,2
1885,UP,FEU,0,-41,64,1,Ju. Gomez de Liaño,3,jump shot,2018.09.23,FFVA,0
1886,UP,FEU,0,-33,12,20,J. Prado,2,jump shot,2018.09.23,FFVA,0
1887,UP,FEU,0,66,37,18,P. Desiderio,3,jump shot,2018.09.23,FFVA,0
1888,UP,FEU,0,-2,17,20,J. Prado,2,jump shot,2018.09.23,FFVA,0
1889,UP,FEU,1,-12,21,1,Ju. Gomez de Liaño,2,jump shot,2018.09.23,FFVA,2
1890,UP,FEU,1,-7,6,20,J. Prado,2,jump shot,2018.09.23,FFVA,2
1891,UP,FEU,1,-16,21,0,B. Akhuetie,2,jump shot,2018.09.23,FFVA,2
1892,UP,FEU,1,-7,4,18,P. Desiderio,2,lay up,2018.09.23,FFVA,2
1893,UP,FEU,1,8,3,0,B. Akhuetie,2,jump shot,2018.09.23,FFVA,2
1894,UP,FEU,1,-7,7,0,B. Akhuetie,2,jump shot,2018.09.23,FFVA,2
1895,UP,FEU,1,-2,12,6,Ja. Gomez de Liaño,2,jump shot,2018.09.23,FFVA,2
1896,UP,FEU,1,-6,5,1,Ju. Gomez de Liaño,2,lay up,2018.09.23,FFVA,2
1897,FEU,UP,1,46,5,10,W. Comboy,2,jump shot,2018.09.23,FFVA,2
1898,FEU,UP,1,-10,3,17,P. Orizu,2,lay up,2018.09.23,FFVA,2
1899,FEU,UP,0,9,3,3,J. Parker,2,jump shot,2018.09.23,FFVA,0
1900,FEU,UP,1,6,0,17,P. Orizu,2,jump shot,2018.09.23,FFVA,2
1901,FEU,UP,0,-7,2,10,W. Comboy,2,jump shot,2018.09.23,FFVA,0
1902,FEU,UP,1,9,4,17,P. Orizu,2,jump shot,2018.09.23,FFVA,2
1903,FEU,UP,1,26,15,3,J. Parker,2,jump shot,2018.09.23,FFVA,2
1904,FEU,UP,0,17,0,41,A. Tolentino,2,jump shot,2018.09.23,FFVA,0
1905,FEU,UP,0,-19,1,10,W. Comboy,2,jump shot,2018.09.23,FFVA,0
1906,FEU,UP,0,-2,27,5,A. Inigo,2,jump shot,2018.09.23,FFVA,0
1907,FEU,UP,1,8,2,5,A. Inigo,2,lay up,2018.09.23,FFVA,2
1908,FEU,UP,0,-21,30,5,A. Inigo,2,jump shot,2018.09.23,FFVA,0
1909,FEU,UP,1,11,3,17,P. Orizu,2,jump shot,2018.09.23,FFVA,2
1910,FEU,UP,1,-11,12,8,B. Ebona,2,jump shot,2018.09.23,FFVA,2
1911,FEU,UP,1,44,30,5,A. Inigo,2,jump shot,2018.09.23,FFVA,2
1912,FEU,UP,0,-53,52,9,H. Cani,3,jump shot,2018.09.23,FFVA,0
1913,FEU,UP,1,-7,4,8,B. Ebona,2,lay up,2018.09.23,FFVA,2
1914,FEU,UP,0,-1,73,21,R. Escoto,3,jump shot,2018.09.23,FFVA,0
1915,FEU,UP,0,-55,11,21,R. Escoto,2,jump shot,2018.09.23,FFVA,0
1916,FEU,UP,1,-36,70,5,A. Inigo,3,jump shot,2018.09.23,FFVA,3
1917,FEU,UP,1,13,3,3,J. Parker,2,lay up,2018.09.23,FFVA,2
1918,FEU,UP,1,4,11,3,J. Parker,2,jump shot,2018.09.23,FFVA,2
1919,FEU,UP,0,-4,80,10,W. Comboy,3,jump shot,2018.09.23,FFVA,0
1920,FEU,UP,0,-51,5,3,J. Parker,2,jump shot,2018.09.23,FFVA,0
1921,FEU,UP,0,-47,57,20,K. Tuffin,3,jump shot,2018.09.23,FFVA,0
1922,FEU,UP,1,69,4,3,J. Parker,3,jump shot,2018.09.23,FFVA,3
1923,FEU,UP,1,41,67,41,A. Tolentino,3,jump shot,2018.09.23,FFVA,3
1924,FEU,UP,0,9,3,10,W. Comboy,2,jump shot,2018.09.23,FFVA,0
1925,FEU,UP,1,70,2,41,A. Tolentino,3,jump shot,2018.09.23,FFVA,3
1926,FEU,UP,0,-26,16,21,R. Escoto,2,jump shot,2018.09.23,FFVA,0
1927,FEU,UP,1,71,1,9,H. Cani,3,jump shot,2018.09.23,FFVA,3
1928,FEU,UP,1,7,6,17,P. Orizu,2,jump shot,2018.09.23,FFVA,2
1929,FEU,UP,1,17,8,20,K. Tuffin,2,jump shot,2018.09.23,FFVA,2
1930,FEU,UP,1,9,4,17,P. Orizu,2,jump shot,2018.09.23,FFVA,2
1931,FEU,UP,0,-46,59,3,J. Parker,3,jump shot,2018.09.23,FFVA,0
1932,FEU,UP,1,64,35,20,K. Tuffin,3,jump shot,2018.09.23,FFVA,3
1933,FEU,UP,0,-41,60,20,K. Tuffin,3,jump shot,2018.09.23,FFVA,0
1934,FEU,UP,1,0,22,10,W. Comboy,2,jump shot,2018.09.23,FFVA,2
1935,FEU,UP,0,31,17,3,J. Parker,2,jump shot,2018.09.23,FFVA,0
1936,FEU,UP,1,-32,73,10,W. Comboy,3,jump shot,2018.09.23,FFVA,3
1937,FEU,UP,0,20,11,41,A. Tolentino,2,jump shot,2018.09.23,FFVA,0
1938,FEU,UP,0,-24,71,9,H. Cani,3,jump shot,2018.09.23,FFVA,0
1939,FEU,UP,0,39,39,41,A. Tolentino,2,jump shot,2018.09.23,FFVA,0
1940,FEU,UP,0,-49,58,10,W. Comboy,3,jump shot,2018.09.23,FFVA,0
1941,FEU,UP,1,6,3,8,B. Ebona,2,lay up,2018.09.23,FFVA,2
1942,FEU,UP,0,37,66,5,A. Inigo,3,jump shot,2018.09.23,FFVA,0
1943,FEU,UP,1,0,6,2,A. Stockton,2,lay up,2018.09.23,FFVA,2
1944,FEU,UP,0,32,26,9,H. Cani,2,jump shot,2018.09.23,FFVA,0
1945,FEU,UP,1,0,8,41,A. Tolentino,2,lay up,2018.09.23,FFVA,2
1946,FEU,UP,0,-70,0,9,H. Cani,3,jump shot,2018.09.23,FFVA,0
1947,FEU,UP,0,-62,57,5,A. Inigo,3,jump shot,2018.09.23,FFVA,0
1948,FEU,UP,0,14,50,41,A. Tolentino,2,jump shot,2018.09.23,FFVA,0
1949,FEU,UP,1,6,2,17,P. Orizu,2,jump shot,2018.09.23,FFVA,2
1950,FEU,UP,1,-6,4,9,H. Cani,2,lay up,2018.09.23,FFVA,2
1951,FEU,UP,1,8,5,9,H. Cani,2,lay up,2018.09.23,FFVA,2
1952,FEU,UP,0,19,25,9,H. Cani,2,jump shot,2018.09.23,FFVA,0
1953,FEU,UP,1,69,-3,10,W. Comboy,3,jump shot,2018.09.23,FFVA,3
1954,FEU,UP,0,-69,-1,3,J. Parker,3,jump shot,2018.09.23,FFVA,0
1955,FEU,UP,0,-64,35,20,K. Tuffin,3,jump shot,2018.09.23,FFVA,0
1956,FEU,UP,1,20,74,41,A. Tolentino,3,jump shot,2018.09.23,FFVA,3
1957,FEU,UP,1,7,3,41,A. Tolentino,2,jump shot,2018.09.23,FFVA,2
1958,FEU,UP,0,-18,34,9,H. Cani,2,jump shot,2018.09.23,FFVA,0
1959,FEU,UP,1,5,57,13,L. Gonzales,2,jump shot,2018.09.23,FFVA,2
1960,UE,DLSU,0,-44,13,17,R. Acuno,2,jump shot,2018.09.23,FFVA,0
1961,UE,DLSU,1,59,47,23,A. Pasaol,3,jump shot,2018.09.23,FFVA,3
1962,UE,DLSU,1,-49,0,9,J. Varilla,2,jump shot,2018.09.23,FFVA,2
1963,UE,DLSU,0,1,78,23,A. Pasaol,3,jump shot,2018.09.23,FFVA,0
1964,UE,DLSU,0,53,53,23,A. Pasaol,3,jump shot,2018.09.23,FFVA,0
1965,UE,DLSU,0,-4,37,2,M. Maloles,2,jump shot,2018.09.23,FFVA,0
1966,UE,DLSU,0,-20,8,7,A. Beltran,2,jump shot,2018.09.23,FFVA,0
1967,UE,DLSU,0,37,13,2,M. Maloles,2,jump shot,2018.09.23,FFVA,0
1968,UE,DLSU,1,-41,5,21,W. Bartolome,2,jump shot,2018.09.23,FFVA,2
1969,UE,DLSU,0,0,79,9,J. Varilla,3,jump shot,2018.09.23,FFVA,0
1970,UE,DLSU,1,-21,75,2,M. Maloles,3,jump shot,2018.09.23,FFVA,3
1971,UE,DLSU,0,-13,2,18,P. Manalang,2,jump shot,2018.09.23,FFVA,0
1972,UE,DLSU,0,57,49,2,M. Maloles,3,jump shot,2018.09.23,FFVA,0
1973,UE,DLSU,0,-68,0,81,J. Antiporda,3,jump shot,2018.09.23,FFVA,0
1974,UE,DLSU,0,-11,4,17,R. Acuno,2,jump shot,2018.09.23,FFVA,0
1975,UE,DLSU,1,0,9,23,A. Pasaol,2,lay up,2018.09.23,FFVA,2
1976,UE,DLSU,0,9,1,17,R. Acuno,2,jump shot,2018.09.23,FFVA,0
1977,UE,DLSU,0,-6,6,26,J. Cullar,2,jump shot,2018.09.23,FFVA,0
1978,UE,DLSU,1,0,7,84,R. Gallardo,2,jump shot,2018.09.23,FFVA,2
1979,UE,DLSU,0,0,7,23,A. Pasaol,2,jump shot,2018.09.23,FFVA,0
1980,UE,DLSU,1,1,6,84,R. Gallardo,2,jump shot,2018.09.23,FFVA,2
1981,UE,DLSU,0,40,3,23,A. Pasaol,2,jump shot,2018.09.23,FFVA,0
1982,UE,DLSU,0,-12,2,9,J. Varilla,2,jump shot,2018.09.23,FFVA,0
1983,UE,DLSU,0,-69,5,2,M. Maloles,3,jump shot,2018.09.23,FFVA,0
1984,UE,DLSU,0,69,-1,9,J. Varilla,3,jump shot,2018.09.23,FFVA,0
1985,UE,DLSU,0,-70,0,2,M. Maloles,3,jump shot,2018.09.23,FFVA,0
1986,UE,DLSU,0,-11,7,2,M. Maloles,2,jump shot,2018.09.23,FFVA,0
1987,UE,DLSU,0,-9,2,21,W. Bartolome,2,jump shot,2018.09.23,FFVA,0
1988,UE,DLSU,0,42,64,21,W. Bartolome,3,jump shot,2018.09.23,FFVA,0
1989,UE,DLSU,0,-4,47,9,J. Varilla,2,jump shot,2018.09.23,FFVA,0
1990,UE,DLSU,0,44,2,8,C. Lacap,2,jump shot,2018.09.23,FFVA,0
1991,UE,DLSU,1,-10,4,21,W. Bartolome,2,lay up,2018.09.23,FFVA,2
1992,UE,DLSU,0,-14,44,2,M. Maloles,2,jump shot,2018.09.23,FFVA,0
1993,UE,DLSU,0,6,79,81,J. Antiporda,3,jump shot,2018.09.23,FFVA,0
1994,UE,DLSU,0,-9,5,7,A. Beltran,2,jump shot,2018.09.23,FFVA,0
1995,UE,DLSU,0,57,52,23,A. Pasaol,3,jump shot,2018.09.23,FFVA,0
1996,UE,DLSU,1,-2,53,13,J. Strait,2,jump shot,2018.09.23,FFVA,2
1997,UE,DLSU,1,30,75,18,P. Manalang,3,jump shot,2018.09.23,FFVA,3
1998,UE,DLSU,0,-6,2,23,A. Pasaol,2,jump shot,2018.09.23,FFVA,0
1999,UE,DLSU,0,-68,0,23,A. Pasaol,3,jump shot,2018.09.23,FFVA,0
2000,UE,DLSU,0,62,42,18,P. Manalang,3,jump shot,2018.09.23,FFVA,0
2001,UE,DLSU,0,-1,47,18,P. Manalang,2,jump shot,2018.09.23,FFVA,0
2002,UE,DLSU,0,8,78,2,M. Maloles,3,jump shot,2018.09.23,FFVA,0
2003,UE,DLSU,0,-52,55,9,J. Varilla,3,jump shot,2018.09.23,FFVA,0
2004,UE,DLSU,1,9,4,21,W. Bartolome,2,jump shot,2018.09.23,FFVA,2
2005,UE,DLSU,0,54,51,2,M. Maloles,3,jump shot,2018.09.23,FFVA,0
2006,UE,DLSU,0,63,42,9,J. Varilla,3,jump shot,2018.09.23,FFVA,0
2007,UE,DLSU,1,3,14,9,J. Varilla,2,jump shot,2018.09.23,FFVA,2
2008,UE,DLSU,1,-7,6,26,J. Cullar,2,lay up,2018.09.23,FFVA,2
2009,UE,DLSU,1,-8,4,17,R. Acuno,2,lay up,2018.09.23,FFVA,2
2010,UE,DLSU,0,5,6,26,J. Cullar,2,jump shot,2018.09.23,FFVA,0
2011,UE,DLSU,0,-69,-4,2,M. Maloles,3,jump shot,2018.09.23,FFVA,0
2012,UE,DLSU,0,10,11,7,A. Beltran,2,jump shot,2018.09.23,FFVA,0
2013,UE,DLSU,0,-22,74,9,J. Varilla,3,jump shot,2018.09.23,FFVA,0
2014,UE,DLSU,1,47,62,18,P. Manalang,3,jump shot,2018.09.23,FFVA,3
2015,UE,DLSU,0,69,4,9,J. Varilla,3,jump shot,2018.09.23,FFVA,0
2016,UE,DLSU,1,-7,4,9,J. Varilla,2,jump shot,2018.09.23,FFVA,2
2017,UE,DLSU,0,55,52,18,P. Manalang,3,jump shot,2018.09.23,FFVA,0
2018,UE,DLSU,1,-52,5,9,J. Varilla,2,jump shot,2018.09.23,FFVA,2
2019,UE,DLSU,1,7,75,23,A. Pasaol,3,jump shot,2018.09.23,FFVA,3
2020,UE,DLSU,0,3,20,9,J. Varilla,2,jump shot,2018.09.23,FFVA,0
2021,UE,DLSU,1,-8,2,23,A. Pasaol,2,jump shot,2018.09.23,FFVA,2
2022,UE,DLSU,0,-41,29,23,A. Pasaol,2,jump shot,2018.09.23,FFVA,0
2023,UE,DLSU,1,-7,4,2,M. Maloles,2,lay up,2018.09.23,FFVA,2
2024,UE,DLSU,1,-12,5,23,A. Pasaol,2,jump shot,2018.09.23,FFVA,2
2025,UE,DLSU,1,33,70,23,A. Pasaol,3,jump shot,2018.09.23,FFVA,3
2026,UE,DLSU,0,0,20,23,A. Pasaol,2,jump shot,2018.09.23,FFVA,0
2027,UE,DLSU,0,-35,68,23,A. Pasaol,3,jump shot,2018.09.23,FFVA,0
2028,UE,DLSU,0,-19,16,23,A. Pasaol,2,jump shot,2018.09.23,FFVA,0
2029,UE,DLSU,0,3,7,18,P. Manalang,2,jump shot,2018.09.23,FFVA,0
2030,UE,DLSU,0,2,11,23,A. Pasaol,2,jump shot,2018.09.23,FFVA,0
2031,UE,DLSU,1,10,4,23,A. Pasaol,2,jump shot,2018.09.23,FFVA,2
2032,UE,DLSU,0,0,10,9,J. Varilla,2,jump shot,2018.09.23,FFVA,0
2033,UE,DLSU,1,-1,10,23,A. Pasaol,2,jump shot,2018.09.23,FFVA,2
2034,DLSU,UE,0,-69,3,30,A. Caracut,3,jump shot,2018.09.23,FFVA,0
2035,DLSU,UE,0,21,32,30,A. Caracut,2,jump shot,2018.09.23,FFVA,0
2036,DLSU,UE,0,44,71,30,A. Caracut,3,jump shot,2018.09.23,FFVA,0
2037,DLSU,UE,0,-5,28,7,M. Dyke,2,jump shot,2018.09.23,FFVA,0
2038,DLSU,UE,1,1,27,19,J. Baltazar,2,jump shot,2018.09.23,FFVA,2
2039,DLSU,UE,1,62,44,11,A. Melecio,3,jump shot,2018.09.23,FFVA,3
2040,DLSU,UE,1,9,4,25,L. Santillian,2,lay up,2018.09.23,FFVA,2
2041,DLSU,UE,1,62,40,11,A. Melecio,3,jump shot,2018.09.23,FFVA,3
2042,DLSU,UE,0,-8,12,25,L. Santillian,2,jump shot,2018.09.23,FFVA,0
2043,DLSU,UE,1,8,3,19,J. Baltazar,2,jump shot,2018.09.23,FFVA,2
2044,DLSU,UE,0,-8,4,25,L. Santillian,2,jump shot,2018.09.23,FFVA,0
2045,DLSU,UE,0,-69,15,19,J. Baltazar,3,jump shot,2018.09.23,FFVA,0
2046,DLSU,UE,1,-69,-3,16,J. Go,3,jump shot,2018.09.23,FFVA,3
2047,DLSU,UE,0,2,75,25,L. Santillian,3,jump shot,2018.09.23,FFVA,0
2048,DLSU,UE,0,-68,-1,15,K. Montalbo,3,jump shot,2018.09.23,FFVA,0
2049,DLSU,UE,1,8,2,15,K. Montalbo,2,lay up,2018.09.23,FFVA,2
2050,DLSU,UE,0,53,55,16,J. Go,3,jump shot,2018.09.23,FFVA,0
2051,DLSU,UE,0,57,2,24,G. Capacio,2,jump shot,2018.09.23,FFVA,0
2052,DLSU,UE,1,-1,11,25,L. Santillian,2,jump shot,2018.09.23,FFVA,2
2053,DLSU,UE,0,46,62,25,L. Santillian,3,jump shot,2018.09.23,FFVA,0
2054,DLSU,UE,1,-19,29,16,J. Go,2,jump shot,2018.09.23,FFVA,2
2055,DLSU,UE,0,-31,15,18,F. Serrano,2,jump shot,2018.09.23,FFVA,0
2056,DLSU,UE,0,1,40,19,J. Baltazar,2,jump shot,2018.09.23,FFVA,0
2057,DLSU,UE,0,55,54,18,F. Serrano,3,jump shot,2018.09.23,FFVA,0
2058,DLSU,UE,1,2,80,11,A. Melecio,3,jump shot,2018.09.23,FFVA,3
2059,DLSU,UE,0,10,4,6,J. Manuel,2,jump shot,2018.09.23,FFVA,0
2060,DLSU,UE,0,-19,21,18,F. Serrano,2,jump shot,2018.09.23,FFVA,0
2061,DLSU,UE,1,13,2,18,F. Serrano,2,jump shot,2018.09.23,FFVA,2
2062,DLSU,UE,0,-47,6,7,M. Dyke,2,jump shot,2018.09.23,FFVA,0
2063,DLSU,UE,1,-47,58,11,A. Melecio,3,jump shot,2018.09.23,FFVA,3
2064,DLSU,UE,0,30,30,19,J. Baltazar,2,jump shot,2018.09.23,FFVA,0
2065,DLSU,UE,0,-69,35,11,A. Melecio,3,jump shot,2018.09.23,FFVA,0
2066,DLSU,UE,0,-43,6,25,L. Santillian,2,jump shot,2018.09.23,FFVA,0
2067,DLSU,UE,1,-44,58,30,A. Caracut,3,jump shot,2018.09.23,FFVA,3
2068,DLSU,UE,0,68,30,11,A. Melecio,3,jump shot,2018.09.23,FFVA,0
2069,DLSU,UE,1,-1,10,32,B. Bates,2,jump shot,2018.09.23,FFVA,2
2070,DLSU,UE,1,9,6,7,M. Dyke,2,jump shot,2018.09.23,FFVA,2
2071,DLSU,UE,0,22,75,7,M. Dyke,3,jump shot,2018.09.23,FFVA,0
2072,DLSU,UE,1,-8,4,30,A. Caracut,2,lay up,2018.09.23,FFVA,2
2073,DLSU,UE,1,-10,2,7,M. Dyke,2,jump shot,2018.09.23,FFVA,2
2074,DLSU,UE,0,6,76,7,M. Dyke,3,jump shot,2018.09.23,FFVA,0
2075,DLSU,UE,1,-40,14,11,A. Melecio,2,jump shot,2018.09.23,FFVA,2
2076,DLSU,UE,0,69,-3,3,M. Corteza,3,jump shot,2018.09.23,FFVA,0
2077,DLSU,UE,0,8,0,25,L. Santillian,2,jump shot,2018.09.23,FFVA,0
2078,DLSU,UE,0,6,5,25,L. Santillian,2,jump shot,2018.09.23,FFVA,0
2079,DLSU,UE,0,62,45,30,A. Caracut,3,jump shot,2018.09.23,FFVA,0
2080,DLSU,UE,0,3,95,15,K. Montalbo,3,jump shot,2018.09.23,FFVA,0
2081,DLSU,UE,1,-7,3,3,M. Corteza,2,jump shot,2018.09.23,FFVA,2
2082,DLSU,UE,1,51,57,16,J. Go,3,jump shot,2018.09.23,FFVA,3
2083,DLSU,UE,0,-39,1,11,A. Melecio,2,jump shot,2018.09.23,FFVA,0
2084,DLSU,UE,1,7,5,25,L. Santillian,2,lay up,2018.09.23,FFVA,2
2085,DLSU,UE,0,-47,0,11,A. Melecio,2,jump shot,2018.09.23,FFVA,0
2086,DLSU,UE,0,-70,0,16,J. Go,3,jump shot,2018.09.23,FFVA,0
2087,DLSU,UE,0,-37,68,30,A. Caracut,3,jump shot,2018.09.23,FFVA,0
2088,DLSU,UE,0,1,18,19,J. Baltazar,2,jump shot,2018.09.23,FFVA,0
2089,DLSU,UE,1,5,3,18,F. Serrano,2,jump shot,2018.09.23,FFVA,2
2090,DLSU,UE,0,59,45,30,A. Caracut,3,jump shot,2018.09.23,FFVA,0
2091,DLSU,UE,1,67,35,18,F. Serrano,3,jump shot,2018.09.23,FFVA,3
2092,DLSU,UE,1,70,-4,18,F. Serrano,3,jump shot,2018.09.23,FFVA,3
2093,DLSU,UE,0,-2,19,18,F. Serrano,2,jump shot,2018.09.23,FFVA,0
2094,DLSU,UE,0,-14,3,25,L. Santillian,2,jump shot,2018.09.23,FFVA,0
2095,DLSU,UE,0,-3,10,19,J. Baltazar,2,jump shot,2018.09.23,FFVA,0
2096,DLSU,UE,1,-4,10,19,J. Baltazar,2,jump shot,2018.09.23,FFVA,2
2097,DLSU,UE,1,56,54,11,A. Melecio,3,jump shot,2018.09.23,FFVA,3
2098,ADMU,UE,0,-15,32,13,W. Navarro,2,jump shot,2018.09.26,FVVA,0
2099,ADMU,UE,0,61,41,0,T. Ravena,3,jump shot,2018.09.26,FVVA,0
2100,ADMU,UE,1,-58,46,4,A. Asistio,3,jump shot,2018.09.26,FVVA,3
2101,ADMU,UE,1,19,-13,13,W. Navarro,2,jump shot,2018.09.26,FVVA,2
2102,ADMU,UE,0,4,3,0,T. Ravena,2,jump shot,2018.09.26,FVVA,0
2103,ADMU,UE,1,-1,12,34,A. Kouame,2,lay up,2018.09.26,FVVA,2
2104,ADMU,UE,0,-4,73,12,J. Nieto,3,jump shot,2018.09.26,FVVA,0
2105,ADMU,UE,0,56,49,4,A. Asistio,3,jump shot,2018.09.26,FVVA,0
2106,ADMU,UE,0,0,4,34,A. Kouame,2,jump shot,2018.09.26,FVVA,0
2107,ADMU,UE,1,-3,7,0,T. Ravena,2,lay up,2018.09.26,FVVA,2
2108,ADMU,UE,0,9,74,0,T. Ravena,3,jump shot,2018.09.26,FVVA,0
2109,ADMU,UE,1,45,57,12,J. Nieto,3,jump shot,2018.09.26,FVVA,3
2110,ADMU,UE,0,-49,60,3,A. Wong,3,jump shot,2018.09.26,FVVA,0
2111,ADMU,UE,0,64,31,3,A. Wong,3,jump shot,2018.09.26,FVVA,0
2112,ADMU,UE,1,-20,28,19,T. Tio,2,jump shot,2018.09.26,FVVA,2
2113,ADMU,UE,0,-6,2,34,A. Kouame,2,jump shot,2018.09.26,FVVA,0
2114,ADMU,UE,1,-4,0,34,A. Kouame,2,lay up,2018.09.26,FVVA,2
2115,ADMU,UE,1,1,9,34,A. Kouame,2,dunk,2018.09.26,FVVA,2
2116,ADMU,UE,1,36,28,3,A. Wong,2,jump shot,2018.09.26,FVVA,2
2117,ADMU,UE,1,-1,7,11,I. Go,2,jump shot,2018.09.26,FVVA,2
2118,ADMU,UE,1,-40,25,22,R. Verano,2,jump shot,2018.09.26,FVVA,2
2119,ADMU,UE,0,-71,12,10,J. Mendoza,3,jump shot,2018.09.26,FVVA,0
2120,ADMU,UE,0,62,43,7,M. Nieto,3,jump shot,2018.09.26,FVVA,0
2121,ADMU,UE,1,-4,0,11,I. Go,2,lay up,2018.09.26,FVVA,2
2122,ADMU,UE,1,13,76,10,J. Mendoza,3,jump shot,2018.09.26,FVVA,3
2123,ADMU,UE,0,-52,47,10,J. Mendoza,3,jump shot,2018.09.26,FVVA,0
2124,ADMU,UE,0,68,2,7,M. Nieto,3,jump shot,2018.09.26,FVVA,0
2125,ADMU,UE,1,-20,30,22,R. Verano,2,jump shot,2018.09.26,FVVA,2
2126,ADMU,UE,1,35,4,22,R. Verano,2,jump shot,2018.09.26,FVVA,2
2127,ADMU,UE,0,-3,4,34,A. Kouame,2,jump shot,2018.09.26,FVVA,0
2128,ADMU,UE,0,1,15,34,A. Kouame,2,jump shot,2018.09.26,FVVA,0
2129,ADMU,UE,1,21,24,22,R. Verano,2,jump shot,2018.09.26,FVVA,2
2130,ADMU,UE,0,-70,8,5,G. Mamuyac,3,jump shot,2018.09.26,FVVA,0
2131,ADMU,UE,1,34,28,22,R. Verano,2,jump shot,2018.09.26,FVVA,2
2132,ADMU,UE,1,-68,0,5,G. Mamuyac,3,jump shot,2018.09.26,FVVA,3
2133,ADMU,UE,0,43,4,11,I. Go,2,jump shot,2018.09.26,FVVA,0
2134,ADMU,UE,1,-67,29,4,A. Asistio,3,jump shot,2018.09.26,FVVA,3
2135,ADMU,UE,0,-55,92,4,A. Asistio,3,jump shot,2018.09.26,FVVA,0
2136,ADMU,UE,1,-53,55,12,J. Nieto,3,jump shot,2018.09.26,FVVA,3
2137,ADMU,UE,0,-66,38,13,W. Navarro,3,jump shot,2018.09.26,FVVA,0
2138,ADMU,UE,0,51,61,12,J. Nieto,3,jump shot,2018.09.26,FVVA,0
2139,ADMU,UE,1,71,0,13,W. Navarro,3,jump shot,2018.09.26,FVVA,3
2140,ADMU,UE,1,57,49,0,T. Ravena,3,jump shot,2018.09.26,FVVA,3
2141,ADMU,UE,0,-57,47,4,A. Asistio,3,jump shot,2018.09.26,FVVA,0
2142,ADMU,UE,0,-30,70,13,W. Navarro,3,jump shot,2018.09.26,FVVA,0
2143,ADMU,UE,0,-66,25,4,A. Asistio,3,jump shot,2018.09.26,FVVA,0
2144,ADMU,UE,1,34,64,4,A. Asistio,3,jump shot,2018.09.26,FVVA,3
2145,ADMU,UE,0,72,9,10,J. Mendoza,3,jump shot,2018.09.26,FVVA,0
2146,ADMU,UE,0,-41,21,3,A. Wong,2,jump shot,2018.09.26,FVVA,0
2147,ADMU,UE,1,-1,3,11,I. Go,2,lay up,2018.09.26,FVVA,2
2148,ADMU,UE,0,-5,4,22,R. Verano,2,jump shot,2018.09.26,FVVA,0
2149,ADMU,UE,1,-5,3,22,R. Verano,2,lay up,2018.09.26,FVVA,2
2150,ADMU,UE,1,-35,54,19,T. Tio,2,jump shot,2018.09.26,FVVA,2
2151,ADMU,UE,0,2,6,22,R. Verano,2,jump shot,2018.09.26,FVVA,0
2152,ADMU,UE,0,-63,40,19,T. Tio,3,jump shot,2018.09.26,FVVA,0
2153,ADMU,UE,1,-67,29,10,J. Mendoza,3,jump shot,2018.09.26,FVVA,3
2154,ADMU,UE,1,-1,0,13,W. Navarro,2,jump shot,2018.09.26,FVVA,2
2155,ADMU,UE,0,3,73,19,T. Tio,3,jump shot,2018.09.26,FVVA,0
2156,ADMU,UE,1,-1,5,13,W. Navarro,2,jump shot,2018.09.26,FVVA,2
2157,ADMU,UE,1,62,39,10,J. Mendoza,3,jump shot,2018.09.26,FVVA,3
2158,ADMU,UE,1,-57,51,7,M. Nieto,3,jump shot,2018.09.26,FVVA,3
2159,ADMU,UE,1,1,4,7,M. Nieto,2,lay up,2018.09.26,FVVA,2
2160,ADMU,UE,0,25,18,8,A. Black,2,jump shot,2018.09.26,FVVA,0
2161,ADMU,UE,1,-2,4,21,M. Daves,2,lay up,2018.09.26,FVVA,2
2162,ADMU,UE,0,54,47,27,S. Belangel,3,jump shot,2018.09.26,FVVA,0
2163,ADMU,UE,0,-71,4,8,A. Black,3,jump shot,2018.09.26,FVVA,0
2164,ADMU,UE,0,68,5,8,A. Black,3,jump shot,2018.09.26,FVVA,0
2165,ADMU,UE,0,69,14,2,B. Andrade,3,jump shot,2018.09.26,FVVA,0
2166,ADMU,UE,1,0,8,7,M. Nieto,2,lay up,2018.09.26,FVVA,2
2167,ADMU,UE,0,-68,-2,2,B. Andrade,3,jump shot,2018.09.26,FVVA,0
2168,UE,ADMU,1,-7,2,23,A. Pasaol,2,jump shot,2018.09.26,FVVA,2
2169,UE,ADMU,0,52,53,18,P. Manalang,3,jump shot,2018.09.26,FVVA,0
2170,UE,ADMU,1,-38,3,9,J. Varilla,2,jump shot,2018.09.26,FVVA,2
2171,UE,ADMU,0,-51,33,9,J. Varilla,2,jump shot,2018.09.26,FVVA,0
2172,UE,ADMU,0,-20,46,84,R. Gallardo,2,jump shot,2018.09.26,FVVA,0
2173,UE,ADMU,0,-3,8,18,P. Manalang,2,jump shot,2018.09.26,FVVA,0
2174,UE,ADMU,1,-16,35,26,J. Cullar,2,jump shot,2018.09.26,FVVA,2
2175,UE,ADMU,0,-42,12,9,J. Varilla,2,jump shot,2018.09.26,FVVA,0
2176,UE,ADMU,0,-16,57,26,J. Cullar,2,jump shot,2018.09.26,FVVA,0
2177,UE,ADMU,1,1,3,21,W. Bartolome,2,jump shot,2018.09.26,FVVA,2
2178,UE,ADMU,0,68,-3,23,A. Pasaol,3,jump shot,2018.09.26,FVVA,0
2179,UE,ADMU,1,40,21,21,W. Bartolome,2,jump shot,2018.09.26,FVVA,2
2180,UE,ADMU,0,-54,55,2,M. Maloles,3,jump shot,2018.09.26,FVVA,0
2181,UE,ADMU,0,-29,29,81,J. Antiporda,2,jump shot,2018.09.26,FVVA,0
2182,UE,ADMU,1,0,1,23,A. Pasaol,2,lay up,2018.09.26,FVVA,2
2183,UE,ADMU,0,-34,44,81,J. Antiporda,2,jump shot,2018.09.26,FVVA,0
2184,UE,ADMU,1,0,5,23,A. Pasaol,2,lay up,2018.09.26,FVVA,2
2185,UE,ADMU,1,-4,4,23,A. Pasaol,2,lay up,2018.09.26,FVVA,2
2186,UE,ADMU,1,-7,-3,1,C. Conner,2,lay up,2018.09.26,FVVA,2
2187,UE,ADMU,1,1,1,2,M. Maloles,2,lay up,2018.09.26,FVVA,2
2188,UE,ADMU,0,-8,13,1,C. Conner,2,jump shot,2018.09.26,FVVA,0
2189,UE,ADMU,0,8,74,1,C. Conner,3,jump shot,2018.09.26,FVVA,0
2190,UE,ADMU,1,-4,1,23,A. Pasaol,2,lay up,2018.09.26,FVVA,2
2191,UE,ADMU,0,-52,52,18,P. Manalang,3,jump shot,2018.09.26,FVVA,0
2192,UE,ADMU,1,-22,49,12,S. Gagate,2,jump shot,2018.09.26,FVVA,2
2193,UE,ADMU,0,-63,41,9,J. Varilla,3,jump shot,2018.09.26,FVVA,0
2194,UE,ADMU,0,38,27,21,W. Bartolome,2,jump shot,2018.09.26,FVVA,0
2195,UE,ADMU,1,1,5,21,W. Bartolome,2,jump shot,2018.09.26,FVVA,2
2196,UE,ADMU,1,-11,47,9,J. Varilla,2,jump shot,2018.09.26,FVVA,2
2197,UE,ADMU,0,32,20,17,R. Acuno,2,jump shot,2018.09.26,FVVA,0
2198,UE,ADMU,0,59,4,84,R. Gallardo,2,jump shot,2018.09.26,FVVA,0
2199,UE,ADMU,0,32,42,9,J. Varilla,2,jump shot,2018.09.26,FVVA,0
2200,UE,ADMU,1,39,0,2,M. Maloles,2,jump shot,2018.09.26,FVVA,2
2201,UE,ADMU,1,44,13,21,W. Bartolome,2,jump shot,2018.09.26,FVVA,2
2202,UE,ADMU,0,-70,4,23,A. Pasaol,3,jump shot,2018.09.26,FVVA,0
2203,UE,ADMU,0,58,55,2,M. Maloles,3,jump shot,2018.09.26,FVVA,0
2204,UE,ADMU,0,-5,1,26,J. Cullar,2,jump shot,2018.09.26,FVVA,0
2205,UE,ADMU,1,46,34,2,M. Maloles,2,jump shot,2018.09.26,FVVA,2
2206,UE,ADMU,1,3,5,26,J. Cullar,2,lay up,2018.09.26,FVVA,2
2207,UE,ADMU,1,-2,7,21,W. Bartolome,2,jump shot,2018.09.26,FVVA,2
2208,UE,ADMU,1,-1,6,1,C. Conner,2,lay up,2018.09.26,FVVA,2
2209,UE,ADMU,0,5,4,1,C. Conner,2,jump shot,2018.09.26,FVVA,0
2210,UE,ADMU,0,-48,8,21,W. Bartolome,2,jump shot,2018.09.26,FVVA,0
2211,UE,ADMU,0,50,62,23,A. Pasaol,3,jump shot,2018.09.26,FVVA,0
2212,UE,ADMU,0,-37,64,81,J. Antiporda,3,jump shot,2018.09.26,FVVA,0
2213,UE,ADMU,1,0,10,23,A. Pasaol,2,jump shot,2018.09.26,FVVA,2
2214,UE,ADMU,0,56,28,9,J. Varilla,2,jump shot,2018.09.26,FVVA,0
2215,UE,ADMU,0,3,73,23,A. Pasaol,3,jump shot,2018.09.26,FVVA,0
2216,UE,ADMU,0,57,47,23,A. Pasaol,3,jump shot,2018.09.26,FVVA,0
2217,UE,ADMU,1,50,57,18,P. Manalang,3,jump shot,2018.09.26,FVVA,3
2218,UE,ADMU,1,0,5,18,P. Manalang,2,lay up,2018.09.26,FVVA,2
2219,UE,ADMU,0,-3,2,18,P. Manalang,2,jump shot,2018.09.26,FVVA,0
2220,UE,ADMU,0,1,20,21,W. Bartolome,2,jump shot,2018.09.26,FVVA,0
2221,UE,ADMU,0,-47,4,9,J. Varilla,2,jump shot,2018.09.26,FVVA,0
2222,UE,ADMU,0,65,41,2,M. Maloles,3,jump shot,2018.09.26,FVVA,0
2223,UE,ADMU,1,-2,2,23,A. Pasaol,2,lay up,2018.09.26,FVVA,2
2224,UE,ADMU,1,0,10,23,A. Pasaol,2,jump shot,2018.09.26,FVVA,2
2225,UE,ADMU,1,-34,15,1,C. Conner,2,jump shot,2018.09.26,FVVA,2
2226,UE,ADMU,0,-1,14,1,C. Conner,2,jump shot,2018.09.26,FVVA,0
2227,UE,ADMU,1,5,0,1,C. Conner,2,lay up,2018.09.26,FVVA,2
2228,UE,ADMU,1,-19,5,26,J. Cullar,2,jump shot,2018.09.26,FVVA,2
2229,UP,ADU,1,-49,56,1,Ju. Gomez de Liaño,3,jump shot,2018.09.26,FVVA,3
2230,UP,ADU,0,3,33,20,J. Prado,2,jump shot,2018.09.26,FVVA,0
2231,UP,ADU,0,-34,13,0,B. Akhuetie,2,jump shot,2018.09.26,FVVA,0
2232,UP,ADU,1,-1,6,13,J. Manzo,2,jump shot,2018.09.26,FVVA,2
2233,UP,ADU,0,-59,48,1,Ju. Gomez de Liaño,3,jump shot,2018.09.26,FVVA,0
2234,UP,ADU,1,-5,11,20,J. Prado,2,jump shot,2018.09.26,FVVA,2
2235,UP,ADU,0,4,10,0,B. Akhuetie,2,jump shot,2018.09.26,FVVA,0
2236,UP,ADU,1,2,3,0,B. Akhuetie,2,jump shot,2018.09.26,FVVA,2
2237,UP,ADU,1,52,58,6,Ja. Gomez de Liaño,3,jump shot,2018.09.26,FVVA,3
2238,UP,ADU,1,31,7,6,Ja. Gomez de Liaño,2,jump shot,2018.09.26,FVVA,2
2239,UP,ADU,0,32,32,5,D. Dario,2,jump shot,2018.09.26,FVVA,0
2240,UP,ADU,0,50,8,18,P. Desiderio,2,jump shot,2018.09.26,FVVA,0
2241,UP,ADU,0,-51,6,1,Ju. Gomez de Liaño,2,jump shot,2018.09.26,FVVA,0
2242,UP,ADU,0,4,12,6,Ja. Gomez de Liaño,2,jump shot,2018.09.26,FVVA,0
2243,UP,ADU,0,-5,1,0,B. Akhuetie,2,jump shot,2018.09.26,FVVA,0
2244,UP,ADU,0,-5,6,17,F. Jaboneta,2,jump shot,2018.09.26,FVVA,0
2245,UP,ADU,1,-4,5,0,B. Akhuetie,2,lay up,2018.09.26,FVVA,2
2246,UP,ADU,0,-68,5,17,F. Jaboneta,3,jump shot,2018.09.26,FVVA,0
2247,UP,ADU,0,8,6,13,J. Manzo,2,jump shot,2018.09.26,FVVA,0
2248,UP,ADU,1,-2,7,13,J. Manzo,2,lay up,2018.09.26,FVVA,2
2249,UP,ADU,0,0,4,17,F. Jaboneta,2,jump shot,2018.09.26,FVVA,0
2250,UP,ADU,1,-2,1,1,Ju. Gomez de Liaño,2,lay up,2018.09.26,FVVA,2
2251,UP,ADU,0,-1,19,0,B. Akhuetie,2,jump shot,2018.09.26,FVVA,0
2252,UP,ADU,0,47,16,1,Ju. Gomez de Liaño,2,jump shot,2018.09.26,FVVA,0
2253,UP,ADU,1,2,4,0,B. Akhuetie,2,lay up,2018.09.26,FVVA,2
2254,UP,ADU,0,58,9,18,P. Desiderio,2,jump shot,2018.09.26,FVVA,0
2255,UP,ADU,0,7,17,10,D. Murrell,2,jump shot,2018.09.26,FVVA,0
2256,UP,ADU,0,42,8,18,P. Desiderio,2,jump shot,2018.09.26,FVVA,0
2257,UP,ADU,1,-42,25,1,Ju. Gomez de Liaño,2,jump shot,2018.09.26,FVVA,2
2258,UP,ADU,0,-3,-1,0,B. Akhuetie,2,jump shot,2018.09.26,FVVA,0
2259,UP,ADU,0,7,10,1,Ju. Gomez de Liaño,2,jump shot,2018.09.26,FVVA,0
2260,UP,ADU,0,-5,6,0,B. Akhuetie,2,jump shot,2018.09.26,FVVA,0
2261,UP,ADU,1,0,0,1,Ju. Gomez de Liaño,2,lay up,2018.09.26,FVVA,2
2262,UP,ADU,0,-2,12,10,D. Murrell,2,jump shot,2018.09.26,FVVA,0
2263,UP,ADU,0,0,4,0,B. Akhuetie,2,jump shot,2018.09.26,FVVA,0
2264,UP,ADU,1,0,4,0,B. Akhuetie,2,lay up,2018.09.26,FVVA,2
2265,UP,ADU,1,-1,4,0,B. Akhuetie,2,jump shot,2018.09.26,FVVA,2
2266,UP,ADU,0,70,0,18,P. Desiderio,3,jump shot,2018.09.26,FVVA,0
2267,UP,ADU,1,-69,4,1,Ju. Gomez de Liaño,3,jump shot,2018.09.26,FVVA,3
2268,UP,ADU,1,0,5,18,P. Desiderio,2,lay up,2018.09.26,FVVA,2
2269,UP,ADU,1,2,1,0,B. Akhuetie,2,jump shot,2018.09.26,FVVA,2
2270,UP,ADU,1,12,0,10,D. Murrell,2,lay up,2018.09.26,FVVA,2
2271,UP,ADU,0,0,-1,13,J. Manzo,2,jump shot,2018.09.26,FVVA,0
2272,UP,ADU,1,0,5,0,B. Akhuetie,2,lay up,2018.09.26,FVVA,2
2273,UP,ADU,1,7,28,1,Ju. Gomez de Liaño,2,jump shot,2018.09.26,FVVA,2
2274,UP,ADU,0,-54,53,18,P. Desiderio,3,jump shot,2018.09.26,FVVA,0
2275,UP,ADU,1,-1,6,18,P. Desiderio,2,jump shot,2018.09.26,FVVA,2
2276,UP,ADU,0,-4,3,0,B. Akhuetie,2,jump shot,2018.09.26,FVVA,0
2277,UP,ADU,1,0,6,0,B. Akhuetie,2,lay up,2018.09.26,FVVA,2
2278,UP,ADU,0,-1,2,12,J. Lim,2,jump shot,2018.09.26,FVVA,0
2279,UP,ADU,0,-2,17,1,Ju. Gomez de Liaño,2,jump shot,2018.09.26,FVVA,0
2280,UP,ADU,1,-42,65,1,Ju. Gomez de Liaño,3,jump shot,2018.09.26,FVVA,3
2281,UP,ADU,1,-1,4,6,Ja. Gomez de Liaño,2,jump shot,2018.09.26,FVVA,2
2282,UP,ADU,0,19,11,13,J. Manzo,2,jump shot,2018.09.26,FVVA,0
2283,UP,ADU,0,56,48,1,Ju. Gomez de Liaño,3,jump shot,2018.09.26,FVVA,0
2284,UP,ADU,0,-58,48,6,Ja. Gomez de Liaño,3,jump shot,2018.09.26,FVVA,0
2285,UP,ADU,0,-3,8,6,Ja. Gomez de Liaño,2,jump shot,2018.09.26,FVVA,0
2286,UP,ADU,1,-1,-4,1,Ju. Gomez de Liaño,2,lay up,2018.09.26,FVVA,2
2287,UP,ADU,1,1,8,17,F. Jaboneta,2,jump shot,2018.09.26,FVVA,2
2288,UP,ADU,0,0,5,1,Ju. Gomez de Liaño,2,jump shot,2018.09.26,FVVA,0
2289,UP,ADU,0,63,40,1,Ju. Gomez de Liaño,3,jump shot,2018.09.26,FVVA,0
2290,UP,ADU,0,-49,60,18,P. Desiderio,3,jump shot,2018.09.26,FVVA,0
2291,UP,ADU,0,-2,19,0,B. Akhuetie,2,jump shot,2018.09.26,FVVA,0
2292,UP,ADU,0,11,79,1,Ju. Gomez de Liaño,3,jump shot,2018.09.26,FVVA,0
2293,UP,ADU,0,-52,24,10,D. Murrell,2,jump shot,2018.09.26,FVVA,0
2294,UP,ADU,0,0,33,0,B. Akhuetie,2,jump shot,2018.09.26,FVVA,0
2295,UP,ADU,1,1,5,18,P. Desiderio,2,lay up,2018.09.26,FVVA,2
2296,UP,ADU,1,-1,0,10,D. Murrell,2,jump shot,2018.09.26,FVVA,2
2297,UP,ADU,0,-45,33,1,Ju. Gomez de Liaño,2,jump shot,2018.09.26,FVVA,0
2298,UP,ADU,0,-10,15,1,Ju. Gomez de Liaño,2,jump shot,2018.09.26,FVVA,0
2299,UP,ADU,0,0,11,6,Ja. Gomez de Liaño,2,jump shot,2018.09.26,FVVA,0
2300,UP,ADU,0,-11,8,20,J. Prado,2,jump shot,2018.09.26,FVVA,0
2301,UP,ADU,0,-38,70,13,J. Manzo,3,jump shot,2018.09.26,FVVA,0
2302,UP,ADU,0,-66,56,1,Ju. Gomez de Liaño,3,jump shot,2018.09.26,FVVA,0
2303,UP,ADU,0,11,11,18,P. Desiderio,2,jump shot,2018.09.26,FVVA,0
2304,UP,ADU,0,65,33,18,P. Desiderio,3,jump shot,2018.09.26,FVVA,0
2305,UP,ADU,1,-13,4,0,B. Akhuetie,2,lay up,2018.09.26,FVVA,2
2306,ADU,UP,1,2,3,2,J. Ahanmisi,2,lay up,2018.09.26,FVVA,2
2307,ADU,UP,0,33,5,1,S. Manganti,2,jump shot,2018.09.26,FVVA,0
2308,ADU,UP,0,-3,4,17,J. Colonia,2,jump shot,2018.09.26,FVVA,0
2309,ADU,UP,0,32,17,21,P. Sarr,2,jump shot,2018.09.26,FVVA,0
2310,ADU,UP,1,-38,19,2,J. Ahanmisi,2,jump shot,2018.09.26,FVVA,2
2311,ADU,UP,1,-9,74,14,J. Pingoy,3,jump shot,2018.09.26,FVVA,3
2312,ADU,UP,1,-19,52,21,P. Sarr,2,jump shot,2018.09.26,FVVA,2
2313,ADU,UP,0,-46,59,14,J. Pingoy,3,jump shot,2018.09.26,FVVA,0
2314,ADU,UP,1,3,3,2,J. Ahanmisi,2,jump shot,2018.09.26,FVVA,2
2315,ADU,UP,0,-7,21,29,V. Magbuhos,2,jump shot,2018.09.26,FVVA,0
2316,ADU,UP,1,53,59,14,J. Pingoy,3,jump shot,2018.09.26,FVVA,3
2317,ADU,UP,1,59,45,14,J. Pingoy,3,jump shot,2018.09.26,FVVA,3
2318,ADU,UP,1,-7,6,21,P. Sarr,2,jump shot,2018.09.26,FVVA,2
2319,ADU,UP,0,-36,36,21,P. Sarr,2,jump shot,2018.09.26,FVVA,0
2320,ADU,UP,0,-37,34,11,J. Espeleta,2,jump shot,2018.09.26,FVVA,0
2321,ADU,UP,0,-4,5,10,S. Camacho,2,jump shot,2018.09.26,FVVA,0
2322,ADU,UP,0,19,12,10,S. Camacho,2,jump shot,2018.09.26,FVVA,0
2323,ADU,UP,0,-32,31,11,J. Espeleta,2,jump shot,2018.09.26,FVVA,0
2324,ADU,UP,0,40,24,20,K. Bernardo,2,jump shot,2018.09.26,FVVA,0
2325,ADU,UP,1,0,75,11,J. Espeleta,3,jump shot,2018.09.26,FVVA,3
2326,ADU,UP,0,-37,7,21,P. Sarr,2,jump shot,2018.09.26,FVVA,0
2327,ADU,UP,0,-36,34,21,P. Sarr,2,jump shot,2018.09.26,FVVA,0
2328,ADU,UP,0,-4,16,21,P. Sarr,2,jump shot,2018.09.26,FVVA,0
2329,ADU,UP,0,1,12,21,P. Sarr,2,jump shot,2018.09.26,FVVA,0
2330,ADU,UP,0,69,4,2,J. Ahanmisi,3,jump shot,2018.09.26,FVVA,0
2331,ADU,UP,1,14,57,21,P. Sarr,2,jump shot,2018.09.26,FVVA,2
2332,ADU,UP,0,-7,54,2,J. Ahanmisi,2,jump shot,2018.09.26,FVVA,0
2333,ADU,UP,0,4,6,29,V. Magbuhos,2,jump shot,2018.09.26,FVVA,0
2334,ADU,UP,0,-55,64,2,J. Ahanmisi,3,jump shot,2018.09.26,FVVA,0
2335,ADU,UP,0,-44,44,14,J. Pingoy,2,jump shot,2018.09.26,FVVA,0
2336,ADU,UP,0,29,45,2,J. Ahanmisi,2,jump shot,2018.09.26,FVVA,0
2337,ADU,UP,0,7,78,2,J. Ahanmisi,3,jump shot,2018.09.26,FVVA,0
2338,ADU,UP,0,-48,22,29,V. Magbuhos,2,jump shot,2018.09.26,FVVA,0
2339,ADU,UP,1,47,65,2,J. Ahanmisi,3,jump shot,2018.09.26,FVVA,3
2340,ADU,UP,0,-38,27,21,P. Sarr,2,jump shot,2018.09.26,FVVA,0
2341,ADU,UP,0,-3,20,21,P. Sarr,2,jump shot,2018.09.26,FVVA,0
2342,ADU,UP,0,-9,4,21,P. Sarr,2,jump shot,2018.09.26,FVVA,0
2343,ADU,UP,0,-1,8,10,S. Camacho,2,jump shot,2018.09.26,FVVA,0
2344,ADU,UP,1,-38,65,1,S. Manganti,3,jump shot,2018.09.26,FVVA,3
2345,ADU,UP,0,4,0,21,P. Sarr,2,jump shot,2018.09.26,FVVA,0
2346,ADU,UP,0,-67,10,4,C. Catapusan,3,jump shot,2018.09.26,FVVA,0
2347,ADU,UP,1,1,5,7,J. Lastimosa,2,lay up,2018.09.26,FVVA,2
2348,ADU,UP,0,-69,0,1,S. Manganti,3,jump shot,2018.09.26,FVVA,0
2349,ADU,UP,0,39,21,10,S. Camacho,2,jump shot,2018.09.26,FVVA,0
2350,ADU,UP,0,-9,16,1,S. Manganti,2,jump shot,2018.09.26,FVVA,0
2351,ADU,UP,1,19,-14,1,S. Manganti,2,jump shot,2018.09.26,FVVA,2
2352,ADU,UP,1,-1,0,1,S. Manganti,2,lay up,2018.09.26,FVVA,2
2353,ADU,UP,0,-5,10,21,P. Sarr,2,jump shot,2018.09.26,FVVA,0
2354,ADU,UP,0,57,53,7,J. Lastimosa,3,jump shot,2018.09.26,FVVA,0
2355,ADU,UP,0,-51,53,1,S. Manganti,3,jump shot,2018.09.26,FVVA,0
2356,ADU,UP,1,9,11,1,S. Manganti,2,jump shot,2018.09.26,FVVA,2
2357,ADU,UP,1,0,7,21,P. Sarr,2,lay up,2018.09.26,FVVA,2
2358,ADU,UP,1,3,17,10,S. Camacho,2,lay up,2018.09.26,FVVA,2
2359,ADU,UP,1,-42,48,11,J. Espeleta,2,jump shot,2018.09.26,FVVA,2
2360,ADU,UP,1,-32,67,2,J. Ahanmisi,3,jump shot,2018.09.26,FVVA,3
2361,ADU,UP,0,-5,16,21,P. Sarr,2,jump shot,2018.09.26,FVVA,0
2362,ADU,UP,0,-6,52,21,P. Sarr,2,jump shot,2018.09.26,FVVA,0
2363,ADU,UP,0,-37,-13,2,J. Ahanmisi,3,jump shot,2018.09.26,FVVA,0
2364,ADU,UP,0,-3,0,10,S. Camacho,2,jump shot,2018.09.26,FVVA,0
2365,ADU,UP,0,13,73,1,S. Manganti,3,jump shot,2018.09.26,FVVA,0
2366,ADU,UP,0,-4,20,21,P. Sarr,2,jump shot,2018.09.26,FVVA,0
2367,ADU,UP,1,-45,18,11,J. Espeleta,2,jump shot,2018.09.26,FVVA,2
2368,ADU,UP,0,-3,14,14,J. Pingoy,2,jump shot,2018.09.26,FVVA,0
2369,ADU,UP,1,31,29,1,S. Manganti,2,jump shot,2018.09.26,FVVA,2
2370,ADU,UP,1,62,52,2,J. Ahanmisi,3,jump shot,2018.09.26,FVVA,3
2371,ADU,UP,1,68,4,11,J. Espeleta,3,jump shot,2018.09.26,FVVA,3
2372,ADU,UP,1,42,31,1,S. Manganti,2,jump shot,2018.09.26,FVVA,2
2373,ADU,NU,0,-10,2,21,P. Sarr,2,jump shot,2018.09.29,FVVA,0
2374,ADU,NU,1,3,7,1,S. Manganti,2,jump shot,2018.09.29,FVVA,2
2375,ADU,NU,1,30,47,21,P. Sarr,2,jump shot,2018.09.29,FVVA,2
2376,ADU,NU,0,-42,40,2,J. Ahanmisi,2,jump shot,2018.09.29,FVVA,0
2377,ADU,NU,1,-37,69,1,S. Manganti,3,jump shot,2018.09.29,FVVA,3
2378,ADU,NU,0,28,34,17,J. Colonia,2,jump shot,2018.09.29,FVVA,0
2379,ADU,NU,1,27,43,2,J. Ahanmisi,2,jump shot,2018.09.29,FVVA,2
2380,ADU,NU,0,-20,7,21,P. Sarr,2,jump shot,2018.09.29,FVVA,0
2381,ADU,NU,0,-7,30,4,C. Catapusan,2,jump shot,2018.09.29,FVVA,0
2382,ADU,NU,1,-7,22,21,P. Sarr,2,jump shot,2018.09.29,FVVA,2
2383,ADU,NU,0,-4,10,1,S. Manganti,2,jump shot,2018.09.29,FVVA,0
2384,ADU,NU,0,4,54,11,J. Espeleta,2,jump shot,2018.09.29,FVVA,0
2385,ADU,NU,0,-55,57,11,J. Espeleta,3,jump shot,2018.09.29,FVVA,0
2386,ADU,NU,0,-49,89,14,J. Pingoy,3,jump shot,2018.09.29,FVVA,0
2387,ADU,NU,0,-4,11,10,S. Camacho,2,jump shot,2018.09.29,FVVA,0
2388,ADU,NU,1,-17,11,11,J. Espeleta,2,jump shot,2018.09.29,FVVA,2
2389,ADU,NU,0,36,21,4,C. Catapusan,2,jump shot,2018.09.29,FVVA,0
2390,ADU,NU,1,-11,10,20,K. Bernardo,2,jump shot,2018.09.29,FVVA,2
2391,ADU,NU,1,-6,19,7,J. Lastimosa,2,lay up,2018.09.29,FVVA,2
2392,ADU,NU,0,-8,9,4,C. Catapusan,2,jump shot,2018.09.29,FVVA,0
2393,ADU,NU,0,2,47,11,J. Espeleta,2,jump shot,2018.09.29,FVVA,0
2394,ADU,NU,1,-5,9,25,K. Zaldivar,2,lay up,2018.09.29,FVVA,2
2395,ADU,NU,0,-72,-4,2,J. Ahanmisi,3,jump shot,2018.09.29,FVVA,0
2396,ADU,NU,0,-21,43,1,S. Manganti,2,jump shot,2018.09.29,FVVA,0
2397,ADU,NU,1,42,5,1,S. Manganti,2,jump shot,2018.09.29,FVVA,2
2398,ADU,NU,0,-6,28,2,J. Ahanmisi,2,jump shot,2018.09.29,FVVA,0
2399,ADU,NU,1,-48,57,2,J. Ahanmisi,3,jump shot,2018.09.29,FVVA,3
2400,ADU,NU,0,16,45,21,P. Sarr,2,jump shot,2018.09.29,FVVA,0
2401,ADU,NU,0,-20,50,2,J. Ahanmisi,2,jump shot,2018.09.29,FVVA,0
2402,ADU,NU,1,-9,9,25,K. Zaldivar,2,jump shot,2018.09.29,FVVA,2
2403,ADU,NU,0,11,45,11,J. Espeleta,2,jump shot,2018.09.29,FVVA,0
2404,ADU,NU,0,-15,7,21,P. Sarr,2,jump shot,2018.09.29,FVVA,0
2405,ADU,NU,1,3,6,21,P. Sarr,2,jump shot,2018.09.29,FVVA,2
2406,ADU,NU,0,-13,6,1,S. Manganti,2,jump shot,2018.09.29,FVVA,0
2407,ADU,NU,1,3,8,1,S. Manganti,2,jump shot,2018.09.29,FVVA,2
2408,ADU,NU,1,10,15,17,J. Colonia,2,jump shot,2018.09.29,FVVA,2
2409,ADU,NU,1,18,0,1,S. Manganti,2,jump shot,2018.09.29,FVVA,2
2410,ADU,NU,0,0,8,17,J. Colonia,2,jump shot,2018.09.29,FVVA,0
2411,ADU,NU,1,5,18,2,J. Ahanmisi,2,jump shot,2018.09.29,FVVA,2
2412,ADU,NU,0,4,13,29,V. Magbuhos,2,jump shot,2018.09.29,FVVA,0
2413,ADU,NU,0,4,11,17,J. Colonia,2,jump shot,2018.09.29,FVVA,0
2414,ADU,NU,1,28,36,11,J. Espeleta,2,jump shot,2018.09.29,FVVA,2
2415,ADU,NU,1,-6,47,2,J. Ahanmisi,2,jump shot,2018.09.29,FVVA,2
2416,ADU,NU,0,-20,44,21,P. Sarr,2,jump shot,2018.09.29,FVVA,0
2417,ADU,NU,0,-36,29,11,J. Espeleta,2,jump shot,2018.09.29,FVVA,0
2418,ADU,NU,0,-20,8,21,P. Sarr,2,jump shot,2018.09.29,FVVA,0
2419,ADU,NU,1,49,58,19,E. Mojica,3,jump shot,2018.09.29,FVVA,3
2420,ADU,NU,0,-23,71,19,E. Mojica,3,jump shot,2018.09.29,FVVA,0
2421,ADU,NU,0,1,29,10,S. Camacho,2,jump shot,2018.09.29,FVVA,0
2422,ADU,NU,0,32,65,25,K. Zaldivar,3,jump shot,2018.09.29,FVVA,0
2423,ADU,NU,1,4,11,10,S. Camacho,2,jump shot,2018.09.29,FVVA,2
2424,ADU,NU,0,63,50,1,S. Manganti,3,jump shot,2018.09.29,FVVA,0
2425,ADU,NU,1,15,1,10,S. Camacho,2,jump shot,2018.09.29,FVVA,2
2426,ADU,NU,1,1,13,10,S. Camacho,2,jump shot,2018.09.29,FVVA,2
2427,ADU,NU,1,10,6,10,S. Camacho,2,jump shot,2018.09.29,FVVA,2
2428,ADU,NU,0,25,-1,2,J. Ahanmisi,2,jump shot,2018.09.29,FVVA,0
2429,ADU,NU,0,-72,8,1,S. Manganti,3,jump shot,2018.09.29,FVVA,0
2430,ADU,NU,0,61,-13,2,J. Ahanmisi,3,jump shot,2018.09.29,FVVA,0
2431,ADU,NU,1,48,9,2,J. Ahanmisi,2,jump shot,2018.09.29,FVVA,2
2432,ADU,NU,0,-32,32,2,J. Ahanmisi,2,jump shot,2018.09.29,FVVA,0
2433,ADU,NU,1,27,16,7,J. Lastimosa,2,jump shot,2018.09.29,FVVA,2
2434,ADU,NU,0,-4,30,7,J. Lastimosa,2,jump shot,2018.09.29,FVVA,0
2435,ADU,NU,1,8,18,21,P. Sarr,2,jump shot,2018.09.29,FVVA,2
2436,NU,ADU,0,-30,37,10,I. Gaye,2,jump shot,2018.09.29,FVVA,0
2437,NU,ADU,0,4,2,8,A. Joson,2,jump shot,2018.09.29,FVVA,0
2438,NU,ADU,0,-41,64,1,D. Ildefonso,3,jump shot,2018.09.29,FVVA,0
2439,NU,ADU,1,2,14,23,R. Morido,2,lay up,2018.09.29,FVVA,2
2440,NU,ADU,1,12,2,8,A. Joson,2,jump shot,2018.09.29,FVVA,2
2441,NU,ADU,0,66,36,23,R. Morido,3,jump shot,2018.09.29,FVVA,0
2442,NU,ADU,0,40,12,1,D. Ildefonso,2,jump shot,2018.09.29,FVVA,0
2443,NU,ADU,1,9,10,27,J. Tibayan,2,jump shot,2018.09.29,FVVA,2
2444,NU,ADU,0,-2,-5,27,J. Tibayan,2,jump shot,2018.09.29,FVVA,0
2445,NU,ADU,0,37,0,27,J. Tibayan,2,jump shot,2018.09.29,FVVA,0
2446,NU,ADU,1,-2,10,1,D. Ildefonso,2,lay up,2018.09.29,FVVA,2
2447,NU,ADU,0,35,41,21,T. Rike,2,jump shot,2018.09.29,FVVA,0
2448,NU,ADU,0,3,33,8,A. Joson,2,jump shot,2018.09.29,FVVA,0
2449,NU,ADU,0,37,-1,1,D. Ildefonso,2,jump shot,2018.09.29,FVVA,0
2450,NU,ADU,0,50,50,15,D. Yu,3,jump shot,2018.09.29,FVVA,0
2451,NU,ADU,0,-63,46,15,D. Yu,3,jump shot,2018.09.29,FVVA,0
2452,NU,ADU,0,6,27,0,S. Ildefonso,2,jump shot,2018.09.29,FVVA,0
2453,NU,ADU,0,61,41,9,J. Clemente,3,jump shot,2018.09.29,FVVA,0
2454,NU,ADU,0,7,10,21,T. Rike,2,jump shot,2018.09.29,FVVA,0
2455,NU,ADU,0,0,3,9,J. Clemente,2,jump shot,2018.09.29,FVVA,0
2456,NU,ADU,0,-7,9,21,T. Rike,2,jump shot,2018.09.29,FVVA,0
2457,NU,ADU,1,-37,43,9,J. Clemente,2,jump shot,2018.09.29,FVVA,2
2458,NU,ADU,0,-41,13,9,J. Clemente,2,jump shot,2018.09.29,FVVA,0
2459,NU,ADU,0,-5,8,5,A. Diputado,2,jump shot,2018.09.29,FVVA,0
2460,NU,ADU,0,-71,-2,6,J. Sinclair,3,jump shot,2018.09.29,FVVA,0
2461,NU,ADU,1,5,12,1,D. Ildefonso,2,lay up,2018.09.29,FVVA,2
2462,NU,ADU,0,40,-2,1,D. Ildefonso,2,jump shot,2018.09.29,FVVA,0
2463,NU,ADU,0,7,9,19,J. Gallego,2,jump shot,2018.09.29,FVVA,0
2464,NU,ADU,0,-64,39,1,D. Ildefonso,3,jump shot,2018.09.29,FVVA,0
2465,NU,ADU,0,65,57,1,D. Ildefonso,3,jump shot,2018.09.29,FVVA,0
2466,NU,ADU,0,-31,42,21,T. Rike,2,jump shot,2018.09.29,FVVA,0
2467,NU,ADU,1,-6,11,10,I. Gaye,2,dunk,2018.09.29,FVVA,2
2468,NU,ADU,1,-4,13,1,D. Ildefonso,2,lay up,2018.09.29,FVVA,2
2469,NU,ADU,0,-3,51,1,D. Ildefonso,2,jump shot,2018.09.29,FVVA,0
2470,NU,ADU,0,1,6,10,I. Gaye,2,jump shot,2018.09.29,FVVA,0
2471,NU,ADU,0,0,14,23,R. Morido,2,jump shot,2018.09.29,FVVA,0
2472,NU,ADU,0,-53,55,1,D. Ildefonso,3,jump shot,2018.09.29,FVVA,0
2473,NU,ADU,1,-10,5,1,D. Ildefonso,2,jump shot,2018.09.29,FVVA,2
2474,NU,ADU,1,1,16,8,A. Joson,2,jump shot,2018.09.29,FVVA,2
2475,NU,ADU,0,-10,8,10,I. Gaye,2,jump shot,2018.09.29,FVVA,0
2476,NU,ADU,0,-26,11,10,I. Gaye,2,jump shot,2018.09.29,FVVA,0
2477,NU,ADU,0,6,11,1,D. Ildefonso,2,jump shot,2018.09.29,FVVA,0
2478,NU,ADU,0,-8,36,9,J. Clemente,2,jump shot,2018.09.29,FVVA,0
2479,NU,ADU,0,-12,12,0,S. Ildefonso,2,jump shot,2018.09.29,FVVA,0
2480,NU,ADU,0,61,40,9,J. Clemente,3,jump shot,2018.09.29,FVVA,0
2481,NU,ADU,0,41,28,0,S. Ildefonso,2,jump shot,2018.09.29,FVVA,0
2482,NU,ADU,1,-21,12,21,T. Rike,2,jump shot,2018.09.29,FVVA,2
2483,NU,ADU,0,6,7,9,J. Clemente,2,jump shot,2018.09.29,FVVA,0
2484,NU,ADU,1,-6,10,21,T. Rike,2,jump shot,2018.09.29,FVVA,2
2485,NU,ADU,1,70,0,15,D. Yu,3,jump shot,2018.09.29,FVVA,3
2486,NU,ADU,1,-40,16,14,J. Galinato,2,jump shot,2018.09.29,FVVA,2
2487,NU,ADU,0,-7,7,5,A. Diputado,2,jump shot,2018.09.29,FVVA,0
2488,NU,ADU,0,6,5,5,A. Diputado,2,jump shot,2018.09.29,FVVA,0
2489,NU,ADU,0,-8,4,21,T. Rike,2,jump shot,2018.09.29,FVVA,0
2490,NU,ADU,0,-5,6,0,S. Ildefonso,2,jump shot,2018.09.29,FVVA,0
2491,NU,ADU,1,-13,11,21,T. Rike,2,jump shot,2018.09.29,FVVA,2
2492,NU,ADU,0,-7,4,14,J. Galinato,2,jump shot,2018.09.29,FVVA,0
2493,NU,ADU,1,9,58,21,T. Rike,2,jump shot,2018.09.29,FVVA,2
2494,NU,ADU,0,63,40,14,J. Galinato,3,jump shot,2018.09.29,FVVA,0
2495,NU,ADU,0,-31,64,5,A. Diputado,3,jump shot,2018.09.29,FVVA,0
2496,NU,ADU,0,-26,46,21,T. Rike,2,jump shot,2018.09.29,FVVA,0
2497,NU,ADU,1,43,8,0,S. Ildefonso,2,jump shot,2018.09.29,FVVA,2
2498,NU,ADU,0,9,42,0,S. Ildefonso,2,jump shot,2018.09.29,FVVA,0
2499,NU,ADU,1,-2,13,8,A. Joson,2,jump shot,2018.09.29,FVVA,2
2500,NU,ADU,1,1,15,0,S. Ildefonso,2,lay up,2018.09.29,FVVA,2
2501,NU,ADU,0,29,37,14,J. Galinato,2,jump shot,2018.09.29,FVVA,0
2502,NU,ADU,1,-7,16,14,J. Galinato,2,jump shot,2018.09.29,FVVA,2
2503,NU,ADU,1,-8,10,23,R. Morido,2,jump shot,2018.09.29,FVVA,2
2504,NU,ADU,1,-8,10,1,D. Ildefonso,2,lay up,2018.09.29,FVVA,2
2505,NU,ADU,1,3,74,1,D. Ildefonso,3,jump shot,2018.09.29,FVVA,3
2506,NU,ADU,0,53,66,1,D. Ildefonso,3,jump shot,2018.09.29,FVVA,0
2507,UST,ADMU,0,30,41,13,Z. Huang,2,jump shot,2018.09.29,FVVA,0
2508,UST,ADMU,0,0,25,7,J. Marcos,2,jump shot,2018.09.29,FVVA,0
2509,UST,ADMU,0,36,37,5,R. Subido,2,jump shot,2018.09.29,FVVA,0
2510,UST,ADMU,1,-11,8,27,C. Cansino,2,jump shot,2018.09.29,FVVA,2
2511,UST,ADMU,1,-35,64,5,R. Subido,3,jump shot,2018.09.29,FVVA,3
2512,UST,ADMU,0,-50,51,5,R. Subido,3,jump shot,2018.09.29,FVVA,0
2513,UST,ADMU,1,-7,3,27,C. Cansino,2,jump shot,2018.09.29,FVVA,2
2514,UST,ADMU,1,-13,7,27,C. Cansino,2,jump shot,2018.09.29,FVVA,2
2515,UST,ADMU,0,-11,9,26,G. Mahinay,2,jump shot,2018.09.29,FVVA,0
2516,UST,ADMU,0,-5,9,8,K. Zamora,2,jump shot,2018.09.29,FVVA,0
2517,UST,ADMU,0,-68,-6,8,K. Zamora,3,jump shot,2018.09.29,FVVA,0
2518,UST,ADMU,0,-7,46,26,G. Mahinay,2,jump shot,2018.09.29,FVVA,0
2519,UST,ADMU,1,-4,9,5,R. Subido,2,jump shot,2018.09.29,FVVA,2
2520,UST,ADMU,0,-5,9,10,J. Lagumen,2,jump shot,2018.09.29,FVVA,0
2521,UST,ADMU,0,-40,58,5,R. Subido,3,jump shot,2018.09.29,FVVA,0
2522,UST,ADMU,0,23,47,10,J. Lagumen,2,jump shot,2018.09.29,FVVA,0
2523,UST,ADMU,0,69,1,10,J. Lagumen,3,jump shot,2018.09.29,FVVA,0
2524,UST,ADMU,0,2,17,10,J. Lagumen,2,jump shot,2018.09.29,FVVA,0
2525,UST,ADMU,0,-46,55,5,R. Subido,3,jump shot,2018.09.29,FVVA,0
2526,UST,ADMU,0,-68,-6,27,C. Cansino,3,jump shot,2018.09.29,FVVA,0
2527,UST,ADMU,1,-5,5,0,S. Akomo,2,jump shot,2018.09.29,FVVA,2
2528,UST,ADMU,0,-8,9,0,S. Akomo,2,jump shot,2018.09.29,FVVA,0
2529,UST,ADMU,1,-10,6,0,S. Akomo,2,jump shot,2018.09.29,FVVA,2
2530,UST,ADMU,0,67,40,5,R. Subido,3,jump shot,2018.09.29,FVVA,0
2531,UST,ADMU,0,0,12,27,C. Cansino,2,jump shot,2018.09.29,FVVA,0
2532,UST,ADMU,0,17,54,13,Z. Huang,2,jump shot,2018.09.29,FVVA,0
2533,UST,ADMU,0,-6,12,0,S. Akomo,2,jump shot,2018.09.29,FVVA,0
2534,UST,ADMU,0,67,0,6,M. Lee,3,jump shot,2018.09.29,FVVA,0
2535,UST,ADMU,0,-22,39,26,G. Mahinay,2,jump shot,2018.09.29,FVVA,0
2536,UST,ADMU,0,-70,0,6,M. Lee,3,jump shot,2018.09.29,FVVA,0
2537,UST,ADMU,1,-5,26,27,C. Cansino,2,jump shot,2018.09.29,FVVA,2
2538,UST,ADMU,0,51,50,5,R. Subido,3,jump shot,2018.09.29,FVVA,0
2539,UST,ADMU,0,3,16,5,R. Subido,2,jump shot,2018.09.29,FVVA,0
2540,UST,ADMU,0,9,14,13,Z. Huang,2,jump shot,2018.09.29,FVVA,0
2541,UST,ADMU,1,5,12,13,Z. Huang,2,jump shot,2018.09.29,FVVA,2
2542,UST,ADMU,0,69,17,6,M. Lee,3,jump shot,2018.09.29,FVVA,0
2543,UST,ADMU,0,1,75,13,Z. Huang,3,jump shot,2018.09.29,FVVA,0
2544,UST,ADMU,0,-46,61,5,R. Subido,3,jump shot,2018.09.29,FVVA,0
2545,UST,ADMU,0,1,11,5,R. Subido,2,jump shot,2018.09.29,FVVA,0
2546,UST,ADMU,1,-59,42,5,R. Subido,3,jump shot,2018.09.29,FVVA,3
2547,UST,ADMU,0,9,21,15,T. Agustin,2,jump shot,2018.09.29,FVVA,0
2548,UST,ADMU,0,36,64,8,K. Zamora,3,jump shot,2018.09.29,FVVA,0
2549,UST,ADMU,1,70,3,5,R. Subido,3,jump shot,2018.09.29,FVVA,3
2550,UST,ADMU,0,57,50,6,M. Lee,3,jump shot,2018.09.29,FVVA,0
2551,UST,ADMU,0,0,8,8,K. Zamora,2,jump shot,2018.09.29,FVVA,0
2552,UST,ADMU,1,8,2,27,C. Cansino,2,jump shot,2018.09.29,FVVA,2
2553,UST,ADMU,1,10,9,13,Z. Huang,2,jump shot,2018.09.29,FVVA,2
2554,UST,ADMU,0,2,7,27,C. Cansino,2,jump shot,2018.09.29,FVVA,0
2555,UST,ADMU,1,-39,63,5,R. Subido,3,jump shot,2018.09.29,FVVA,3
2556,UST,ADMU,0,-31,73,5,R. Subido,3,jump shot,2018.09.29,FVVA,0
2557,UST,ADMU,0,-2,12,16,N. Consejo,2,jump shot,2018.09.29,FVVA,0
2558,UST,ADMU,0,-69,36,6,M. Lee,3,jump shot,2018.09.29,FVVA,0
2559,UST,ADMU,0,72,17,5,R. Subido,3,jump shot,2018.09.29,FVVA,0
2560,UST,ADMU,1,4,7,27,C. Cansino,2,jump shot,2018.09.29,FVVA,2
2561,UST,ADMU,0,1,5,27,C. Cansino,2,jump shot,2018.09.29,FVVA,0
2562,UST,ADMU,0,0,12,27,C. Cansino,2,jump shot,2018.09.29,FVVA,0
2563,UST,ADMU,0,0,0,13,Z. Huang,2,jump shot,2018.09.29,FVVA,0
2564,UST,ADMU,0,8,10,0,S. Akomo,2,jump shot,2018.09.29,FVVA,0
2565,UST,ADMU,0,-49,62,6,M. Lee,3,jump shot,2018.09.29,FVVA,0
2566,UST,ADMU,1,7,8,0,S. Akomo,2,jump shot,2018.09.29,FVVA,2
2567,UST,ADMU,0,-2,9,7,J. Marcos,2,jump shot,2018.09.29,FVVA,0
2568,UST,ADMU,0,-69,6,6,M. Lee,3,jump shot,2018.09.29,FVVA,0
2569,UST,ADMU,0,47,60,5,R. Subido,3,jump shot,2018.09.29,FVVA,0
2570,UST,ADMU,0,71,-4,5,R. Subido,3,jump shot,2018.09.29,FVVA,0
2571,UST,ADMU,0,-4,13,26,G. Mahinay,2,jump shot,2018.09.29,FVVA,0
2572,UST,ADMU,1,51,52,5,R. Subido,3,jump shot,2018.09.29,FVVA,3
2573,UST,ADMU,0,-56,2,5,R. Subido,2,jump shot,2018.09.29,FVVA,0
2574,UST,ADMU,0,71,-4,6,M. Lee,3,jump shot,2018.09.29,FVVA,0
2575,UST,ADMU,1,7,12,5,R. Subido,2,jump shot,2018.09.29,FVVA,2
2576,ADMU,UST,1,41,9,0,T. Ravena,2,jump shot,2018.09.29,FVVA,2
2577,ADMU,UST,0,-23,5,0,T. Ravena,2,jump shot,2018.09.29,FVVA,0
2578,ADMU,UST,1,-42,60,12,J. Nieto,3,jump shot,2018.09.29,FVVA,3
2579,ADMU,UST,0,12,4,13,W. Navarro,2,jump shot,2018.09.29,FVVA,0
2580,ADMU,UST,1,13,11,0,T. Ravena,2,jump shot,2018.09.29,FVVA,2
2581,ADMU,UST,0,-34,67,12,J. Nieto,3,jump shot,2018.09.29,FVVA,0
2582,ADMU,UST,0,57,48,12,J. Nieto,3,jump shot,2018.09.29,FVVA,0
2583,ADMU,UST,1,9,13,34,A. Kouame,2,jump shot,2018.09.29,FVVA,2
2584,ADMU,UST,0,39,61,11,I. Go,3,jump shot,2018.09.29,FVVA,0
2585,ADMU,UST,1,10,13,21,M. Daves,2,jump shot,2018.09.29,FVVA,2
2586,ADMU,UST,1,46,58,0,T. Ravena,3,jump shot,2018.09.29,FVVA,3
2587,ADMU,UST,0,51,50,11,I. Go,3,jump shot,2018.09.29,FVVA,0
2588,ADMU,UST,0,-41,15,7,M. Nieto,2,jump shot,2018.09.29,FVVA,0
2589,ADMU,UST,1,-51,56,7,M. Nieto,3,jump shot,2018.09.29,FVVA,3
2590,ADMU,UST,0,60,44,27,S. Belangel,3,jump shot,2018.09.29,FVVA,0
2591,ADMU,UST,0,0,3,21,M. Daves,2,jump shot,2018.09.29,FVVA,0
2592,ADMU,UST,0,5,17,11,I. Go,2,jump shot,2018.09.29,FVVA,0
2593,ADMU,UST,0,0,17,7,M. Nieto,2,jump shot,2018.09.29,FVVA,0
2594,ADMU,UST,1,0,16,27,S. Belangel,2,jump shot,2018.09.29,FVVA,2
2595,ADMU,UST,0,55,55,13,W. Navarro,3,jump shot,2018.09.29,FVVA,0
2596,ADMU,UST,0,-38,61,27,S. Belangel,3,jump shot,2018.09.29,FVVA,0
2597,ADMU,UST,1,16,6,34,A. Kouame,2,jump shot,2018.09.29,FVVA,2
2598,ADMU,UST,0,5,4,13,W. Navarro,2,jump shot,2018.09.29,FVVA,0
2599,ADMU,UST,0,70,5,3,A. Wong,3,jump shot,2018.09.29,FVVA,0
2600,ADMU,UST,0,-55,49,12,J. Nieto,3,jump shot,2018.09.29,FVVA,0
2601,ADMU,UST,1,14,6,34,A. Kouame,2,jump shot,2018.09.29,FVVA,2
2602,ADMU,UST,0,68,-4,3,A. Wong,3,jump shot,2018.09.29,FVVA,0
2603,ADMU,UST,1,14,1,34,A. Kouame,2,jump shot,2018.09.29,FVVA,2
2604,ADMU,UST,1,-7,10,34,A. Kouame,2,dunk,2018.09.29,FVVA,2
2605,ADMU,UST,0,5,12,0,T. Ravena,2,jump shot,2018.09.29,FVVA,0
2606,ADMU,UST,1,0,1,34,A. Kouame,2,tip in,2018.09.29,FVVA,2
2607,ADMU,UST,0,66,30,0,T. Ravena,3,jump shot,2018.09.29,FVVA,0
2608,ADMU,UST,1,3,25,11,I. Go,2,jump shot,2018.09.29,FVVA,2
2609,ADMU,UST,0,6,8,0,T. Ravena,2,jump shot,2018.09.29,FVVA,0
2610,ADMU,UST,1,8,7,11,I. Go,2,jump shot,2018.09.29,FVVA,2
2611,ADMU,UST,1,1,17,0,T. Ravena,2,lay up,2018.09.29,FVVA,2
2612,ADMU,UST,1,-8,34,19,T. Tio,2,jump shot,2018.09.29,FVVA,2
2613,ADMU,UST,0,0,11,0,T. Ravena,2,jump shot,2018.09.29,FVVA,0
2614,ADMU,UST,0,1,73,13,W. Navarro,3,jump shot,2018.09.29,FVVA,0
2615,ADMU,UST,1,-57,43,4,A. Asistio,3,jump shot,2018.09.29,FVVA,3
2616,ADMU,UST,0,-70,27,4,A. Asistio,3,jump shot,2018.09.29,FVVA,0
2617,ADMU,UST,1,-20,12,12,J. Nieto,2,jump shot,2018.09.29,FVVA,2
2618,ADMU,UST,1,3,60,0,T. Ravena,2,jump shot,2018.09.29,FVVA,2
2619,ADMU,UST,1,-4,4,4,A. Asistio,2,lay up,2018.09.29,FVVA,2
2620,ADMU,UST,1,-5,14,11,I. Go,2,jump shot,2018.09.29,FVVA,2
2621,ADMU,UST,1,71,-2,4,A. Asistio,3,jump shot,2018.09.29,FVVA,3
2622,ADMU,UST,0,-46,62,4,A. Asistio,3,jump shot,2018.09.29,FVVA,0
2623,ADMU,UST,1,-12,8,11,I. Go,2,jump shot,2018.09.29,FVVA,2
2624,ADMU,UST,0,-5,12,27,S. Belangel,2,jump shot,2018.09.29,FVVA,0
2625,ADMU,UST,1,54,55,27,S. Belangel,3,jump shot,2018.09.29,FVVA,3
2626,ADMU,UST,0,-41,66,27,S. Belangel,3,jump shot,2018.09.29,FVVA,0
2627,ADMU,UST,0,67,37,5,G. Mamuyac,3,jump shot,2018.09.29,FVVA,0
2628,ADMU,UST,0,-47,0,27,S. Belangel,2,jump shot,2018.09.29,FVVA,0
2629,ADMU,UST,1,-5,9,27,S. Belangel,2,lay up,2018.09.29,FVVA,2
2630,ADMU,UST,0,63,44,5,G. Mamuyac,3,jump shot,2018.09.29,FVVA,0
2631,ADMU,UST,0,69,2,13,W. Navarro,3,jump shot,2018.09.29,FVVA,0
2632,ADMU,UST,1,-1,19,5,G. Mamuyac,2,jump shot,2018.09.29,FVVA,2
2633,ADMU,UST,0,-2,12,3,A. Wong,2,jump shot,2018.09.29,FVVA,0
2634,ADMU,UST,0,1,13,8,A. Black,2,jump shot,2018.09.29,FVVA,0
2635,ADMU,UST,0,18,72,13,W. Navarro,3,jump shot,2018.09.29,FVVA,0
2636,ADMU,UST,1,53,55,3,A. Wong,3,jump shot,2018.09.29,FVVA,3
2637,ADMU,UST,1,-7,19,34,A. Kouame,2,jump shot,2018.09.29,FVVA,2
2638,ADMU,UST,0,-47,6,13,W. Navarro,2,jump shot,2018.09.29,FVVA,0
2639,ADMU,UST,0,-2,78,19,T. Tio,3,jump shot,2018.09.29,FVVA,0
2640,ADMU,UST,0,72,-6,19,T. Tio,3,jump shot,2018.09.29,FVVA,0
2641,ADMU,UST,0,48,67,13,W. Navarro,3,jump shot,2018.09.29,FVVA,0
2642,ADMU,UST,1,-10,4,34,A. Kouame,2,jump shot,2018.09.29,FVVA,2
2643,ADMU,UST,0,-7,5,2,B. Andrade,2,jump shot,2018.09.29,FVVA,0
2644,ADMU,UST,1,-42,61,2,B. Andrade,3,jump shot,2018.09.29,FVVA,3
2645,ADMU,UST,1,-1,15,13,W. Navarro,2,jump shot,2018.09.29,FVVA,2
2646,ADMU,UST,1,-10,6,21,M. Daves,2,dunk,2018.09.29,FVVA,2
2647,ADMU,UST,1,-7,13,8,A. Black,2,lay up,2018.09.29,FVVA,2
2648,DLSU,UP,0,59,-3,11,A. Melecio,2,jump shot,2018.09.30,MOA,0
2649,DLSU,UP,0,-6,48,6,J. Manuel,2,jump shot,2018.09.30,MOA,0
2650,DLSU,UP,1,-28,10,19,J. Baltazar,2,jump shot,2018.09.30,MOA,2
2651,DLSU,UP,0,10,14,7,M. Dyke,2,jump shot,2018.09.30,MOA,0
2652,DLSU,UP,1,7,13,19,J. Baltazar,2,jump shot,2018.09.30,MOA,2
2653,DLSU,UP,0,-7,-1,11,A. Melecio,2,jump shot,2018.09.30,MOA,0
2654,DLSU,UP,0,-11,-1,18,F. Serrano,2,jump shot,2018.09.30,MOA,0
2655,DLSU,UP,1,-15,-5,25,L. Santillian,2,lay up,2018.09.30,MOA,2
2656,DLSU,UP,0,40,68,25,L. Santillian,3,jump shot,2018.09.30,MOA,0
2657,DLSU,UP,0,-71,23,11,A. Melecio,3,jump shot,2018.09.30,MOA,0
2658,DLSU,UP,1,-11,6,25,L. Santillian,2,lay up,2018.09.30,MOA,2
2659,DLSU,UP,0,58,54,18,F. Serrano,3,jump shot,2018.09.30,MOA,0
2660,DLSU,UP,0,1,34,25,L. Santillian,2,jump shot,2018.09.30,MOA,0
2661,DLSU,UP,1,14,32,30,A. Caracut,2,jump shot,2018.09.30,MOA,2
2662,DLSU,UP,1,44,49,30,A. Caracut,2,jump shot,2018.09.30,MOA,2
2663,DLSU,UP,0,29,13,6,J. Manuel,2,jump shot,2018.09.30,MOA,0
2664,DLSU,UP,0,-1,2,25,L. Santillian,2,jump shot,2018.09.30,MOA,0
2665,DLSU,UP,0,-39,-1,11,A. Melecio,2,jump shot,2018.09.30,MOA,0
2666,DLSU,UP,0,-67,-3,6,J. Manuel,3,jump shot,2018.09.30,MOA,0
2667,DLSU,UP,0,69,48,19,J. Baltazar,3,jump shot,2018.09.30,MOA,0
2668,DLSU,UP,0,-3,5,19,J. Baltazar,2,jump shot,2018.09.30,MOA,0
2669,DLSU,UP,1,-7,3,18,F. Serrano,2,lay up,2018.09.30,MOA,2
2670,DLSU,UP,1,0,22,19,J. Baltazar,2,lay up,2018.09.30,MOA,2
2671,DLSU,UP,0,-1,13,18,F. Serrano,2,jump shot,2018.09.30,MOA,0
2672,DLSU,UP,1,-8,-1,19,J. Baltazar,2,lay up,2018.09.30,MOA,2
2673,DLSU,UP,1,31,72,11,A. Melecio,3,jump shot,2018.09.30,MOA,3
2674,DLSU,UP,0,44,65,19,J. Baltazar,3,jump shot,2018.09.30,MOA,0
2675,DLSU,UP,1,65,45,16,J. Go,3,jump shot,2018.09.30,MOA,3
2676,DLSU,UP,0,-57,52,11,A. Melecio,3,jump shot,2018.09.30,MOA,0
2677,DLSU,UP,0,-38,-2,30,A. Caracut,2,jump shot,2018.09.30,MOA,0
2678,DLSU,UP,1,-3,8,7,M. Dyke,2,jump shot,2018.09.30,MOA,2
2679,DLSU,UP,1,-35,66,11,A. Melecio,3,jump shot,2018.09.30,MOA,3
2680,DLSU,UP,1,13,0,7,M. Dyke,2,lay up,2018.09.30,MOA,2
2681,DLSU,UP,0,-59,58,11,A. Melecio,3,jump shot,2018.09.30,MOA,0
2682,DLSU,UP,1,0,5,16,J. Go,2,jump shot,2018.09.30,MOA,2
2683,DLSU,UP,0,3,11,7,M. Dyke,2,jump shot,2018.09.30,MOA,0
2684,DLSU,UP,0,-49,38,7,M. Dyke,2,jump shot,2018.09.30,MOA,0
2685,DLSU,UP,0,-54,-3,11,A. Melecio,2,jump shot,2018.09.30,MOA,0
2686,DLSU,UP,1,-35,0,25,L. Santillian,2,jump shot,2018.09.30,MOA,2
2687,DLSU,UP,0,-6,-6,30,A. Caracut,2,jump shot,2018.09.30,MOA,0
2688,DLSU,UP,1,6,1,7,M. Dyke,2,lay up,2018.09.30,MOA,2
2689,DLSU,UP,0,-13,8,18,F. Serrano,2,jump shot,2018.09.30,MOA,0
2690,DLSU,UP,0,3,2,30,A. Caracut,2,jump shot,2018.09.30,MOA,0
2691,DLSU,UP,1,-26,30,25,L. Santillian,2,jump shot,2018.09.30,MOA,2
2692,DLSU,UP,0,-5,20,30,A. Caracut,2,jump shot,2018.09.30,MOA,0
2693,DLSU,UP,0,8,12,3,M. Corteza,2,jump shot,2018.09.30,MOA,0
2694,DLSU,UP,0,10,-7,19,J. Baltazar,2,jump shot,2018.09.30,MOA,0
2695,DLSU,UP,1,-3,-2,19,J. Baltazar,2,jump shot,2018.09.30,MOA,2
2696,DLSU,UP,0,68,4,11,A. Melecio,3,jump shot,2018.09.30,MOA,0
2697,DLSU,UP,1,0,-2,30,A. Caracut,2,lay up,2018.09.30,MOA,2
2698,DLSU,UP,0,-11,4,18,F. Serrano,2,jump shot,2018.09.30,MOA,0
2699,DLSU,UP,0,69,-5,18,F. Serrano,3,jump shot,2018.09.30,MOA,0
2700,DLSU,UP,0,-38,70,25,L. Santillian,3,jump shot,2018.09.30,MOA,0
2701,DLSU,UP,0,36,-2,19,J. Baltazar,2,jump shot,2018.09.30,MOA,0
2702,DLSU,UP,0,58,50,30,A. Caracut,3,jump shot,2018.09.30,MOA,0
2703,DLSU,UP,1,-46,61,30,A. Caracut,3,jump shot,2018.09.30,MOA,3
2704,DLSU,UP,0,-5,42,25,L. Santillian,2,jump shot,2018.09.30,MOA,0
2705,DLSU,UP,1,-57,15,11,A. Melecio,2,jump shot,2018.09.30,MOA,2
2706,DLSU,UP,0,5,-6,25,L. Santillian,2,jump shot,2018.09.30,MOA,0
2707,DLSU,UP,1,7,-1,25,L. Santillian,2,lay up,2018.09.30,MOA,2
2708,DLSU,UP,1,3,-2,11,A. Melecio,2,jump shot,2018.09.30,MOA,2
2709,DLSU,UP,0,-30,75,11,A. Melecio,3,jump shot,2018.09.30,MOA,0
2710,DLSU,UP,0,21,7,19,J. Baltazar,2,jump shot,2018.09.30,MOA,0
2711,DLSU,UP,1,7,-4,19,J. Baltazar,2,lay up,2018.09.30,MOA,2
2712,DLSU,UP,0,3,78,19,J. Baltazar,3,jump shot,2018.09.30,MOA,0
2713,DLSU,UP,0,0,1,25,L. Santillian,2,jump shot,2018.09.30,MOA,0
2714,DLSU,UP,0,11,12,32,B. Bates,2,jump shot,2018.09.30,MOA,0
2715,DLSU,UP,0,39,-5,19,J. Baltazar,2,jump shot,2018.09.30,MOA,0
2716,DLSU,UP,0,39,85,30,A. Caracut,3,jump shot,2018.09.30,MOA,0
2717,UP,DLSU,0,71,-7,0,B. Akhuetie,3,jump shot,2018.09.30,MOA,0
2718,UP,DLSU,1,2,-4,0,B. Akhuetie,2,lay up,2018.09.30,MOA,2
2719,UP,DLSU,0,-64,44,1,Ju. Gomez de Liaño,3,jump shot,2018.09.30,MOA,0
2720,UP,DLSU,1,2,1,18,P. Desiderio,2,jump shot,2018.09.30,MOA,2
2721,UP,DLSU,0,1,6,0,B. Akhuetie,2,jump shot,2018.09.30,MOA,0
2722,UP,DLSU,1,10,0,0,B. Akhuetie,2,dunk,2018.09.30,MOA,2
2723,UP,DLSU,0,11,-2,0,B. Akhuetie,2,jump shot,2018.09.30,MOA,0
2724,UP,DLSU,0,-22,21,13,J. Manzo,2,jump shot,2018.09.30,MOA,0
2725,UP,DLSU,0,-53,69,15,C. Vito,3,jump shot,2018.09.30,MOA,0
2726,UP,DLSU,0,1,2,0,B. Akhuetie,2,jump shot,2018.09.30,MOA,0
2727,UP,DLSU,0,1,11,0,B. Akhuetie,2,jump shot,2018.09.30,MOA,0
2728,UP,DLSU,1,-8,-2,0,B. Akhuetie,2,lay up,2018.09.30,MOA,2
2729,UP,DLSU,0,19,48,1,Ju. Gomez de Liaño,2,jump shot,2018.09.30,MOA,0
2730,UP,DLSU,0,39,1,10,D. Murrell,2,jump shot,2018.09.30,MOA,0
2731,UP,DLSU,0,-45,67,18,P. Desiderio,3,jump shot,2018.09.30,MOA,0
2732,UP,DLSU,1,0,-3,15,C. Vito,2,jump shot,2018.09.30,MOA,2
2733,UP,DLSU,0,-29,71,18,P. Desiderio,3,jump shot,2018.09.30,MOA,0
2734,UP,DLSU,1,-2,2,1,Ju. Gomez de Liaño,2,jump shot,2018.09.30,MOA,2
2735,UP,DLSU,0,72,-4,6,Ja. Gomez de Liaño,3,jump shot,2018.09.30,MOA,0
2736,UP,DLSU,0,26,2,1,Ju. Gomez de Liaño,2,jump shot,2018.09.30,MOA,0
2737,UP,DLSU,0,53,60,6,Ja. Gomez de Liaño,3,jump shot,2018.09.30,MOA,0
2738,UP,DLSU,1,-25,17,6,Ja. Gomez de Liaño,2,jump shot,2018.09.30,MOA,2
2739,UP,DLSU,0,-26,29,1,Ju. Gomez de Liaño,2,jump shot,2018.09.30,MOA,0
2740,UP,DLSU,1,5,-2,6,Ja. Gomez de Liaño,2,jump shot,2018.09.30,MOA,2
2741,UP,DLSU,0,3,-4,1,Ju. Gomez de Liaño,2,jump shot,2018.09.30,MOA,0
2742,UP,DLSU,1,-37,-8,11,F. Tungcab,2,jump shot,2018.09.30,MOA,2
2743,UP,DLSU,1,-66,49,18,P. Desiderio,3,jump shot,2018.09.30,MOA,3
2744,UP,DLSU,1,-69,42,18,P. Desiderio,3,jump shot,2018.09.30,MOA,3
2745,UP,DLSU,0,7,10,18,P. Desiderio,2,jump shot,2018.09.30,MOA,0
2746,UP,DLSU,0,4,9,6,Ja. Gomez de Liaño,2,jump shot,2018.09.30,MOA,0
2747,UP,DLSU,0,59,47,18,P. Desiderio,3,jump shot,2018.09.30,MOA,0
2748,UP,DLSU,1,23,7,0,B. Akhuetie,2,jump shot,2018.09.30,MOA,2
2749,UP,DLSU,0,-41,70,18,P. Desiderio,3,jump shot,2018.09.30,MOA,0
2750,UP,DLSU,1,-2,57,1,Ju. Gomez de Liaño,2,jump shot,2018.09.30,MOA,2
2751,UP,DLSU,1,3,3,0,B. Akhuetie,2,lay up,2018.09.30,MOA,2
2752,UP,DLSU,1,-1,0,0,B. Akhuetie,2,jump shot,2018.09.30,MOA,2
2753,UP,DLSU,0,56,55,5,D. Dario,3,jump shot,2018.09.30,MOA,0
2754,UP,DLSU,0,-4,10,6,Ja. Gomez de Liaño,2,jump shot,2018.09.30,MOA,0
2755,UP,DLSU,1,67,40,18,P. Desiderio,3,jump shot,2018.09.30,MOA,3
2756,UP,DLSU,1,1,18,1,Ju. Gomez de Liaño,2,dunk,2018.09.30,MOA,2
2757,UP,DLSU,1,68,37,6,Ja. Gomez de Liaño,3,jump shot,2018.09.30,MOA,3
2758,UP,DLSU,0,72,-7,5,D. Dario,3,jump shot,2018.09.30,MOA,0
2759,UP,DLSU,1,1,8,1,Ju. Gomez de Liaño,2,lay up,2018.09.30,MOA,2
2760,UP,DLSU,0,72,-1,6,Ja. Gomez de Liaño,3,jump shot,2018.09.30,MOA,0
2761,UP,DLSU,0,-4,-3,0,B. Akhuetie,2,jump shot,2018.09.30,MOA,0
2762,UP,DLSU,0,-4,12,6,Ja. Gomez de Liaño,2,jump shot,2018.09.30,MOA,0
2763,UP,DLSU,0,-7,-1,0,B. Akhuetie,2,jump shot,2018.09.30,MOA,0
2764,UP,DLSU,1,-63,33,1,Ju. Gomez de Liaño,3,jump shot,2018.09.30,MOA,3
2765,UP,DLSU,0,3,13,0,B. Akhuetie,2,jump shot,2018.09.30,MOA,0
2766,UP,DLSU,0,-3,7,0,B. Akhuetie,2,jump shot,2018.09.30,MOA,0
2767,UP,DLSU,0,48,59,18,P. Desiderio,3,jump shot,2018.09.30,MOA,0
2768,UP,DLSU,1,-11,2,0,B. Akhuetie,2,lay up,2018.09.30,MOA,2
2769,UP,DLSU,0,-14,7,0,B. Akhuetie,2,jump shot,2018.09.30,MOA,0
2770,UP,DLSU,1,3,25,13,J. Manzo,2,jump shot,2018.09.30,MOA,2
2771,UP,DLSU,0,-16,9,18,P. Desiderio,2,jump shot,2018.09.30,MOA,0
2772,UP,DLSU,0,-56,47,1,Ju. Gomez de Liaño,3,jump shot,2018.09.30,MOA,0
2773,UP,DLSU,0,5,-1,0,B. Akhuetie,2,jump shot,2018.09.30,MOA,0
2774,UP,DLSU,1,-6,-1,13,J. Manzo,2,jump shot,2018.09.30,MOA,2
2775,UP,DLSU,1,-20,3,0,B. Akhuetie,2,jump shot,2018.09.30,MOA,2
2776,UP,DLSU,1,-5,2,0,B. Akhuetie,2,dunk,2018.09.30,MOA,2
2777,UP,DLSU,1,0,8,1,Ju. Gomez de Liaño,2,jump shot,2018.09.30,MOA,2
2778,UP,DLSU,1,43,9,5,D. Dario,2,jump shot,2018.09.30,MOA,2
2779,UP,DLSU,0,65,35,15,C. Vito,3,jump shot,2018.09.30,MOA,0
2780,UP,DLSU,0,23,71,18,P. Desiderio,3,jump shot,2018.09.30,MOA,0
2781,UP,DLSU,0,-64,32,3,J. Spencer,3,jump shot,2018.09.30,MOA,0
2782,UP,DLSU,0,3,16,13,J. Manzo,2,jump shot,2018.09.30,MOA,0
2783,UP,DLSU,0,-5,8,0,B. Akhuetie,2,jump shot,2018.09.30,MOA,0
2784,UP,DLSU,1,1,6,1,Ju. Gomez de Liaño,2,lay up,2018.09.30,MOA,2
2785,UP,DLSU,0,53,61,1,Ju. Gomez de Liaño,3,jump shot,2018.09.30,MOA,0
2786,UP,DLSU,1,-4,-1,1,Ju. Gomez de Liaño,2,jump shot,2018.09.30,MOA,2
2787,UP,DLSU,0,-53,52,18,P. Desiderio,3,jump shot,2018.09.30,MOA,0
2788,FEU,UE,1,15,54,9,H. Cani,2,jump shot,2018.09.30,MOA,2
2789,FEU,UE,0,8,46,9,H. Cani,2,jump shot,2018.09.30,MOA,0
2790,FEU,UE,0,72,2,21,R. Escoto,3,jump shot,2018.09.30,MOA,0
2791,FEU,UE,0,20,48,9,H. Cani,2,jump shot,2018.09.30,MOA,0
2792,FEU,UE,1,-2,11,17,P. Orizu,2,jump shot,2018.09.30,MOA,2
2793,FEU,UE,1,60,53,20,K. Tuffin,3,jump shot,2018.09.30,MOA,3
2794,FEU,UE,1,-7,-2,3,J. Parker,2,lay up,2018.09.30,MOA,2
2795,FEU,UE,1,-2,2,17,P. Orizu,2,jump shot,2018.09.30,MOA,2
2796,FEU,UE,0,-6,6,21,R. Escoto,2,jump shot,2018.09.30,MOA,0
2797,FEU,UE,0,27,74,21,R. Escoto,3,jump shot,2018.09.30,MOA,0
2798,FEU,UE,0,9,10,9,H. Cani,2,jump shot,2018.09.30,MOA,0
2799,FEU,UE,0,28,40,41,A. Tolentino,2,jump shot,2018.09.30,MOA,0
2800,FEU,UE,1,-1,-3,10,W. Comboy,2,lay up,2018.09.30,MOA,2
2801,FEU,UE,0,0,0,10,W. Comboy,2,jump shot,2018.09.30,MOA,0
2802,FEU,UE,0,-2,3,2,A. Stockton,2,jump shot,2018.09.30,MOA,0
2803,FEU,UE,0,-3,5,8,B. Ebona,2,jump shot,2018.09.30,MOA,0
2804,FEU,UE,1,-53,60,41,A. Tolentino,3,jump shot,2018.09.30,MOA,3
2805,FEU,UE,1,6,3,41,A. Tolentino,2,alley oop,2018.09.30,MOA,2
2806,FEU,UE,0,-2,1,3,J. Parker,2,jump shot,2018.09.30,MOA,0
2807,FEU,UE,0,38,4,41,A. Tolentino,2,jump shot,2018.09.30,MOA,0
2808,FEU,UE,1,54,0,9,H. Cani,2,jump shot,2018.09.30,MOA,2
2809,FEU,UE,0,27,11,17,P. Orizu,2,jump shot,2018.09.30,MOA,0
2810,FEU,UE,0,41,22,3,J. Parker,2,jump shot,2018.09.30,MOA,0
2811,FEU,UE,1,-25,1,21,R. Escoto,2,jump shot,2018.09.30,MOA,2
2812,FEU,UE,0,39,2,21,R. Escoto,2,jump shot,2018.09.30,MOA,0
2813,FEU,UE,0,-9,4,3,J. Parker,2,jump shot,2018.09.30,MOA,0
2814,FEU,UE,0,48,-2,10,W. Comboy,2,jump shot,2018.09.30,MOA,0
2815,FEU,UE,1,-8,4,21,R. Escoto,2,lay up,2018.09.30,MOA,2
2816,FEU,UE,0,-13,0,21,R. Escoto,2,jump shot,2018.09.30,MOA,0
2817,FEU,UE,0,-4,17,21,R. Escoto,2,jump shot,2018.09.30,MOA,0
2818,FEU,UE,0,47,66,21,R. Escoto,3,jump shot,2018.09.30,MOA,0
2819,FEU,UE,0,10,78,41,A. Tolentino,3,jump shot,2018.09.30,MOA,0
2820,FEU,UE,0,12,4,5,A. Inigo,2,jump shot,2018.09.30,MOA,0
2821,FEU,UE,0,70,23,41,A. Tolentino,3,jump shot,2018.09.30,MOA,0
2822,FEU,UE,0,4,-4,2,A. Stockton,2,jump shot,2018.09.30,MOA,0
2823,FEU,UE,1,-34,50,9,H. Cani,2,jump shot,2018.09.30,MOA,2
2824,FEU,UE,0,-56,69,41,A. Tolentino,3,jump shot,2018.09.30,MOA,0
2825,FEU,UE,0,40,-5,10,W. Comboy,2,jump shot,2018.09.30,MOA,0
2826,FEU,UE,0,34,67,21,R. Escoto,3,jump shot,2018.09.30,MOA,0
2827,FEU,UE,1,7,-4,3,J. Parker,2,lay up,2018.09.30,MOA,2
2828,FEU,UE,0,-38,2,21,R. Escoto,2,jump shot,2018.09.30,MOA,0
2829,FEU,UE,1,9,8,10,W. Comboy,2,lay up,2018.09.30,MOA,2
2830,FEU,UE,1,-44,16,13,L. Gonzales,2,jump shot,2018.09.30,MOA,2
2831,FEU,UE,1,-6,8,41,A. Tolentino,2,jump shot,2018.09.30,MOA,2
2832,FEU,UE,0,12,4,10,W. Comboy,2,jump shot,2018.09.30,MOA,0
2833,FEU,UE,1,27,17,9,H. Cani,2,jump shot,2018.09.30,MOA,2
2834,FEU,UE,0,-40,-10,9,H. Cani,2,jump shot,2018.09.30,MOA,0
2835,FEU,UE,1,2,-3,9,H. Cani,2,lay up,2018.09.30,MOA,2
2836,FEU,UE,0,4,16,5,A. Inigo,2,jump shot,2018.09.30,MOA,0
2837,FEU,UE,0,15,9,5,A. Inigo,2,jump shot,2018.09.30,MOA,0
2838,FEU,UE,0,-57,59,15,B. Bienes,3,jump shot,2018.09.30,MOA,0
2839,FEU,UE,0,38,-1,11,R. Ramirez,2,jump shot,2018.09.30,MOA,0
2840,FEU,UE,1,70,0,15,B. Bienes,3,jump shot,2018.09.30,MOA,3
2841,FEU,UE,0,37,64,15,B. Bienes,3,jump shot,2018.09.30,MOA,0
2842,FEU,UE,1,0,5,11,R. Ramirez,2,lay up,2018.09.30,MOA,2
2843,FEU,UE,1,-75,21,15,B. Bienes,3,jump shot,2018.09.30,MOA,3
2844,UE,FEU,0,-37,43,21,W. Bartolome,2,jump shot,2018.09.30,MOA,0
2845,UE,FEU,1,3,3,1,C. Conner,2,lay up,2018.09.30,MOA,2
2846,UE,FEU,0,-43,69,9,J. Varilla,3,jump shot,2018.09.30,MOA,0
2847,UE,FEU,1,1,54,84,R. Gallardo,2,jump shot,2018.09.30,MOA,2
2848,UE,FEU,0,2,8,18,P. Manalang,2,jump shot,2018.09.30,MOA,0
2849,UE,FEU,0,-25,41,21,W. Bartolome,2,jump shot,2018.09.30,MOA,0
2850,UE,FEU,1,-30,-1,21,W. Bartolome,2,jump shot,2018.09.30,MOA,2
2851,UE,FEU,0,18,70,18,P. Manalang,3,jump shot,2018.09.30,MOA,0
2852,UE,FEU,1,-54,55,9,J. Varilla,3,jump shot,2018.09.30,MOA,3
2853,UE,FEU,0,3,4,21,W. Bartolome,2,jump shot,2018.09.30,MOA,0
2854,UE,FEU,1,7,-1,18,P. Manalang,2,lay up,2018.09.30,MOA,2
2855,UE,FEU,0,45,55,23,A. Pasaol,3,jump shot,2018.09.30,MOA,0
2856,UE,FEU,1,69,-10,9,J. Varilla,3,jump shot,2018.09.30,MOA,3
2857,UE,FEU,1,-71,-3,81,J. Antiporda,3,jump shot,2018.09.30,MOA,3
2858,UE,FEU,0,44,67,23,A. Pasaol,3,jump shot,2018.09.30,MOA,0
2859,UE,FEU,0,66,39,23,A. Pasaol,3,jump shot,2018.09.30,MOA,0
2860,UE,FEU,1,9,-3,23,A. Pasaol,2,lay up,2018.09.30,MOA,2
2861,UE,FEU,0,42,63,23,A. Pasaol,3,jump shot,2018.09.30,MOA,0
2862,UE,FEU,0,-6,77,23,A. Pasaol,3,jump shot,2018.09.30,MOA,0
2863,UE,FEU,0,-57,51,81,J. Antiporda,3,jump shot,2018.09.30,MOA,0
2864,UE,FEU,0,52,54,9,J. Varilla,3,jump shot,2018.09.30,MOA,0
2865,UE,FEU,1,59,45,9,J. Varilla,3,jump shot,2018.09.30,MOA,3
2866,UE,FEU,0,0,0,9,J. Varilla,2,jump shot,2018.09.30,MOA,0
2867,UE,FEU,0,40,67,2,M. Maloles,3,jump shot,2018.09.30,MOA,0
2868,UE,FEU,1,18,79,9,J. Varilla,3,jump shot,2018.09.30,MOA,3
2869,UE,FEU,0,70,-9,2,M. Maloles,3,jump shot,2018.09.30,MOA,0
2870,UE,FEU,0,47,29,26,J. Cullar,2,jump shot,2018.09.30,MOA,0
2871,UE,FEU,1,1,-5,18,P. Manalang,2,lay up,2018.09.30,MOA,2
2872,UE,FEU,0,3,-5,23,A. Pasaol,2,jump shot,2018.09.30,MOA,0
2873,UE,FEU,1,5,-2,23,A. Pasaol,2,lay up,2018.09.30,MOA,2
2874,UE,FEU,1,6,-3,23,A. Pasaol,2,lay up,2018.09.30,MOA,2
2875,UE,FEU,1,16,76,9,J. Varilla,3,jump shot,2018.09.30,MOA,3
2876,UE,FEU,0,-4,78,23,A. Pasaol,3,jump shot,2018.09.30,MOA,0
2877,UE,FEU,0,1,0,23,A. Pasaol,2,jump shot,2018.09.30,MOA,0
2878,UE,FEU,1,11,-6,23,A. Pasaol,2,lay up,2018.09.30,MOA,2
2879,UE,FEU,0,37,-1,1,C. Conner,2,jump shot,2018.09.30,MOA,0
2880,UE,FEU,1,-1,4,1,C. Conner,2,lay up,2018.09.30,MOA,2
2881,UE,FEU,0,53,64,9,J. Varilla,3,jump shot,2018.09.30,MOA,0
2882,UE,FEU,0,-1,24,9,J. Varilla,2,jump shot,2018.09.30,MOA,0
2883,UE,FEU,1,0,0,21,W. Bartolome,2,jump shot,2018.09.30,MOA,2
2884,UE,FEU,1,0,55,21,W. Bartolome,2,jump shot,2018.09.30,MOA,2
2885,UE,FEU,1,-7,0,18,P. Manalang,2,jump shot,2018.09.30,MOA,2
2886,UE,FEU,1,-56,50,18,P. Manalang,3,jump shot,2018.09.30,MOA,3
2887,UE,FEU,0,-44,0,21,W. Bartolome,2,jump shot,2018.09.30,MOA,0
2888,UE,FEU,0,32,75,18,P. Manalang,3,jump shot,2018.09.30,MOA,0
2889,UE,FEU,0,-49,59,2,M. Maloles,3,jump shot,2018.09.30,MOA,0
2890,UE,FEU,1,-42,-4,23,A. Pasaol,2,jump shot,2018.09.30,MOA,2
2891,UE,FEU,1,-10,3,2,M. Maloles,2,lay up,2018.09.30,MOA,2
2892,UE,FEU,0,-46,15,23,A. Pasaol,2,jump shot,2018.09.30,MOA,0
2893,UE,FEU,0,44,2,2,M. Maloles,2,jump shot,2018.09.30,MOA,0
2894,UE,FEU,0,-45,22,9,J. Varilla,2,jump shot,2018.09.30,MOA,0
2895,UE,FEU,0,-58,46,9,J. Varilla,3,jump shot,2018.09.30,MOA,0
2896,UE,FEU,1,30,42,13,J. Strait,2,jump shot,2018.09.30,MOA,2
2897,UE,FEU,0,29,79,18,P. Manalang,3,jump shot,2018.09.30,MOA,0
2898,UE,FEU,0,-69,-2,2,M. Maloles,3,jump shot,2018.09.30,MOA,0
2899,UE,FEU,1,-63,41,2,M. Maloles,3,jump shot,2018.09.30,MOA,3
2900,UE,FEU,0,-1,6,18,P. Manalang,2,jump shot,2018.09.30,MOA,0
2901,UE,FEU,1,-66,33,2,M. Maloles,3,jump shot,2018.09.30,MOA,3
2902,UE,FEU,0,0,0,18,P. Manalang,2,jump shot,2018.09.30,MOA,0
2903,UE,FEU,0,-19,32,1,C. Conner,2,jump shot,2018.09.30,MOA,0
2904,UE,FEU,1,-4,34,18,P. Manalang,2,jump shot,2018.09.30,MOA,2
2905,UE,FEU,1,-7,2,21,W. Bartolome,2,jump shot,2018.09.30,MOA,2
2906,UE,FEU,1,-11,-8,23,A. Pasaol,2,lay up,2018.09.30,MOA,2
2907,UE,FEU,0,-5,9,23,A. Pasaol,2,jump shot,2018.09.30,MOA,0
2908,UE,FEU,1,65,50,1,C. Conner,3,jump shot,2018.09.30,MOA,3
2909,UE,FEU,0,1,10,18,P. Manalang,2,jump shot,2018.09.30,MOA,0
2910,UE,FEU,1,-60,46,23,A. Pasaol,3,jump shot,2018.09.30,MOA,3
2911,UE,FEU,0,57,58,1,C. Conner,3,jump shot,2018.09.30,MOA,0
2912,UE,FEU,0,-17,72,23,A. Pasaol,3,jump shot,2018.09.30,MOA,0
2913,UE,FEU,1,25,46,9,J. Varilla,2,jump shot,2018.09.30,MOA,2
2914,UE,FEU,1,-5,75,23,A. Pasaol,3,jump shot,2018.09.30,MOA,3
2915,UE,FEU,1,-5,-8,26,J. Cullar,2,lay up,2018.09.30,MOA,2
2916,UE,FEU,0,43,66,8,C. Lacap,3,jump shot,2018.09.30,MOA,0
2917,UE,FEU,1,0,5,7,A. Beltran,2,jump shot,2018.09.30,MOA,2
2918,DLSU,UST,0,-4,6,7,M. Dyke,2,jump shot,2018.10.03,MOA,0
2919,DLSU,UST,0,18,25,7,M. Dyke,2,jump shot,2018.10.03,MOA,0
2920,DLSU,UST,1,2,2,7,M. Dyke,2,jump shot,2018.10.03,MOA,2
2921,DLSU,UST,1,-2,6,11,A. Melecio,2,lay up,2018.10.03,MOA,2
2922,DLSU,UST,1,-23,0,19,J. Baltazar,2,jump shot,2018.10.03,MOA,2
2923,DLSU,UST,0,4,0,6,J. Manuel,2,jump shot,2018.10.03,MOA,0
2924,DLSU,UST,1,-14,77,11,A. Melecio,3,jump shot,2018.10.03,MOA,3
2925,DLSU,UST,1,-3,4,19,J. Baltazar,2,jump shot,2018.10.03,MOA,2
2926,DLSU,UST,0,7,7,18,F. Serrano,2,jump shot,2018.10.03,MOA,0
2927,DLSU,UST,1,-2,4,19,J. Baltazar,2,jump shot,2018.10.03,MOA,2
2928,DLSU,UST,0,6,0,19,J. Baltazar,2,jump shot,2018.10.03,MOA,0
2929,DLSU,UST,1,2,5,18,F. Serrano,2,jump shot,2018.10.03,MOA,2
2930,DLSU,UST,0,-3,0,25,L. Santillian,2,jump shot,2018.10.03,MOA,0
2931,DLSU,UST,1,-1,0,25,L. Santillian,2,lay up,2018.10.03,MOA,2
2932,DLSU,UST,1,-2,10,11,A. Melecio,2,jump shot,2018.10.03,MOA,2
2933,DLSU,UST,1,-4,2,32,B. Bates,2,lay up,2018.10.03,MOA,2
2934,DLSU,UST,1,-26,3,11,A. Melecio,2,jump shot,2018.10.03,MOA,2
2935,DLSU,UST,1,20,32,11,A. Melecio,2,jump shot,2018.10.03,MOA,2
2936,DLSU,UST,1,-8,6,25,L. Santillian,2,lay up,2018.10.03,MOA,2
2937,DLSU,UST,0,2,2,7,M. Dyke,2,jump shot,2018.10.03,MOA,0
2938,DLSU,UST,1,-2,2,19,J. Baltazar,2,lay up,2018.10.03,MOA,2
2939,DLSU,UST,1,-66,25,16,J. Go,3,jump shot,2018.10.03,MOA,3
2940,DLSU,UST,0,-1,6,11,A. Melecio,2,jump shot,2018.10.03,MOA,0
2941,DLSU,UST,0,72,-5,18,F. Serrano,3,jump shot,2018.10.03,MOA,0
2942,DLSU,UST,0,1,-3,19,J. Baltazar,2,jump shot,2018.10.03,MOA,0
2943,DLSU,UST,0,8,4,19,J. Baltazar,2,jump shot,2018.10.03,MOA,0
2944,DLSU,UST,0,-7,16,19,J. Baltazar,2,jump shot,2018.10.03,MOA,0
2945,DLSU,UST,1,69,-4,16,J. Go,3,jump shot,2018.10.03,MOA,3
2946,DLSU,UST,1,57,60,11,A. Melecio,3,jump shot,2018.10.03,MOA,3
2947,DLSU,UST,0,-4,6,30,A. Caracut,2,jump shot,2018.10.03,MOA,0
2948,DLSU,UST,0,4,14,3,M. Corteza,2,jump shot,2018.10.03,MOA,0
2949,DLSU,UST,0,13,4,3,M. Corteza,2,jump shot,2018.10.03,MOA,0
2950,DLSU,UST,0,-4,6,30,A. Caracut,2,jump shot,2018.10.03,MOA,0
2951,DLSU,UST,1,5,4,32,B. Bates,2,lay up,2018.10.03,MOA,2
2952,DLSU,UST,1,-67,47,16,J. Go,3,jump shot,2018.10.03,MOA,3
2953,DLSU,UST,0,7,5,16,J. Go,2,jump shot,2018.10.03,MOA,0
2954,DLSU,UST,0,-22,48,16,J. Go,2,jump shot,2018.10.03,MOA,0
2955,DLSU,UST,1,-2,18,19,J. Baltazar,2,jump shot,2018.10.03,MOA,2
2956,DLSU,UST,0,-22,24,11,A. Melecio,2,jump shot,2018.10.03,MOA,0
2957,DLSU,UST,1,-5,0,19,J. Baltazar,2,jump shot,2018.10.03,MOA,2
2958,DLSU,UST,0,7,5,11,A. Melecio,2,jump shot,2018.10.03,MOA,0
2959,DLSU,UST,0,70,14,11,A. Melecio,3,jump shot,2018.10.03,MOA,0
2960,DLSU,UST,0,15,2,11,A. Melecio,2,jump shot,2018.10.03,MOA,0
2961,DLSU,UST,0,-11,11,19,J. Baltazar,2,jump shot,2018.10.03,MOA,0
2962,DLSU,UST,0,19,86,11,A. Melecio,3,jump shot,2018.10.03,MOA,0
2963,DLSU,UST,0,-7,0,19,J. Baltazar,2,jump shot,2018.10.03,MOA,0
2964,DLSU,UST,1,4,2,30,A. Caracut,2,lay up,2018.10.03,MOA,2
2965,DLSU,UST,1,-2,4,18,F. Serrano,2,lay up,2018.10.03,MOA,2
2966,DLSU,UST,0,-11,7,25,L. Santillian,2,jump shot,2018.10.03,MOA,0
2967,DLSU,UST,1,-2,9,30,A. Caracut,2,lay up,2018.10.03,MOA,2
2968,DLSU,UST,0,70,-7,11,A. Melecio,3,jump shot,2018.10.03,MOA,0
2969,DLSU,UST,0,-7,8,18,F. Serrano,2,jump shot,2018.10.03,MOA,0
2970,DLSU,UST,0,-8,-5,25,L. Santillian,2,jump shot,2018.10.03,MOA,0
2971,DLSU,UST,1,-11,40,25,L. Santillian,2,jump shot,2018.10.03,MOA,2
2972,DLSU,UST,0,4,-5,19,J. Baltazar,2,jump shot,2018.10.03,MOA,0
2973,DLSU,UST,0,4,-1,25,L. Santillian,2,jump shot,2018.10.03,MOA,0
2974,DLSU,UST,1,-13,81,6,J. Manuel,3,jump shot,2018.10.03,MOA,3
2975,DLSU,UST,1,-1,-3,25,L. Santillian,2,lay up,2018.10.03,MOA,2
2976,DLSU,UST,1,5,0,6,J. Manuel,2,jump shot,2018.10.03,MOA,2
2977,DLSU,UST,1,53,65,18,F. Serrano,3,jump shot,2018.10.03,MOA,3
2978,DLSU,UST,1,9,0,11,A. Melecio,2,lay up,2018.10.03,MOA,2
2979,DLSU,UST,0,-64,57,11,A. Melecio,3,jump shot,2018.10.03,MOA,0
2980,DLSU,UST,0,-63,64,11,A. Melecio,3,jump shot,2018.10.03,MOA,0
2981,DLSU,UST,0,37,68,18,F. Serrano,3,jump shot,2018.10.03,MOA,0
2982,DLSU,UST,1,-1,0,32,B. Bates,2,jump shot,2018.10.03,MOA,2
2983,DLSU,UST,1,56,60,30,A. Caracut,3,jump shot,2018.10.03,MOA,3
2984,UST,DLSU,0,-73,42,6,M. Lee,3,jump shot,2018.10.03,MOA,0
2985,UST,DLSU,0,72,-5,6,M. Lee,3,jump shot,2018.10.03,MOA,0
2986,UST,DLSU,0,6,4,13,Z. Huang,2,jump shot,2018.10.03,MOA,0
2987,UST,DLSU,0,-1,5,11,E. Caunan,2,jump shot,2018.10.03,MOA,0
2988,UST,DLSU,0,-17,106,8,K. Zamora,3,jump shot,2018.10.03,MOA,0
2989,UST,DLSU,0,7,1,27,C. Cansino,2,jump shot,2018.10.03,MOA,0
2990,UST,DLSU,1,-2,38,11,E. Caunan,2,jump shot,2018.10.03,MOA,2
2991,UST,DLSU,0,-8,5,27,C. Cansino,2,jump shot,2018.10.03,MOA,0
2992,UST,DLSU,0,-13,0,13,Z. Huang,2,jump shot,2018.10.03,MOA,0
2993,UST,DLSU,1,51,54,7,J. Marcos,3,jump shot,2018.10.03,MOA,3
2994,UST,DLSU,1,57,6,5,R. Subido,2,jump shot,2018.10.03,MOA,2
2995,UST,DLSU,0,42,63,16,N. Consejo,3,jump shot,2018.10.03,MOA,0
2996,UST,DLSU,0,-4,-1,15,T. Agustin,2,jump shot,2018.10.03,MOA,0
2997,UST,DLSU,0,69,0,7,J. Marcos,3,jump shot,2018.10.03,MOA,0
2998,UST,DLSU,1,-16,6,26,G. Mahinay,2,jump shot,2018.10.03,MOA,2
2999,UST,DLSU,0,-40,79,13,Z. Huang,3,jump shot,2018.10.03,MOA,0
3000,UST,DLSU,0,68,-7,8,K. Zamora,3,jump shot,2018.10.03,MOA,0
3001,UST,DLSU,1,72,-8,6,M. Lee,3,jump shot,2018.10.03,MOA,3
3002,UST,DLSU,0,2,5,8,K. Zamora,2,jump shot,2018.10.03,MOA,0
3003,UST,DLSU,0,3,6,13,Z. Huang,2,jump shot,2018.10.03,MOA,0
3004,UST,DLSU,0,-34,-9,13,Z. Huang,2,jump shot,2018.10.03,MOA,0
3005,UST,DLSU,0,2,0,8,K. Zamora,2,jump shot,2018.10.03,MOA,0
3006,UST,DLSU,0,-22,-6,27,C. Cansino,2,jump shot,2018.10.03,MOA,0
3007,UST,DLSU,0,-55,80,6,M. Lee,3,jump shot,2018.10.03,MOA,0
3008,UST,DLSU,1,-6,5,11,E. Caunan,2,jump shot,2018.10.03,MOA,2
3009,UST,DLSU,1,5,0,11,E. Caunan,2,jump shot,2018.10.03,MOA,2
3010,UST,DLSU,0,-48,56,6,M. Lee,3,jump shot,2018.10.03,MOA,0
3011,UST,DLSU,0,-68,-6,27,C. Cansino,3,jump shot,2018.10.03,MOA,0
3012,UST,DLSU,1,4,0,27,C. Cansino,2,lay up,2018.10.03,MOA,2
3013,UST,DLSU,0,-35,76,5,R. Subido,3,jump shot,2018.10.03,MOA,0
3014,UST,DLSU,0,-17,2,11,E. Caunan,2,jump shot,2018.10.03,MOA,0
3015,UST,DLSU,0,60,60,5,R. Subido,3,jump shot,2018.10.03,MOA,0
3016,UST,DLSU,1,16,2,16,N. Consejo,2,jump shot,2018.10.03,MOA,2
3017,UST,DLSU,1,-70,-3,6,M. Lee,3,jump shot,2018.10.03,MOA,3
3018,UST,DLSU,1,-1,8,6,M. Lee,2,lay up,2018.10.03,MOA,2
3019,UST,DLSU,0,-73,85,6,M. Lee,3,jump shot,2018.10.03,MOA,0
3020,UST,DLSU,1,-17,19,13,Z. Huang,2,jump shot,2018.10.03,MOA,2
3021,UST,DLSU,0,70,-7,6,M. Lee,3,jump shot,2018.10.03,MOA,0
3022,UST,DLSU,0,3,2,11,E. Caunan,2,jump shot,2018.10.03,MOA,0
3023,UST,DLSU,1,4,46,11,E. Caunan,2,jump shot,2018.10.03,MOA,2
3024,UST,DLSU,1,-70,-4,27,C. Cansino,3,jump shot,2018.10.03,MOA,3
3025,UST,DLSU,0,8,23,13,Z. Huang,2,jump shot,2018.10.03,MOA,0
3026,UST,DLSU,1,-16,16,13,Z. Huang,2,jump shot,2018.10.03,MOA,2
3027,UST,DLSU,0,72,-1,15,T. Agustin,3,jump shot,2018.10.03,MOA,0
3028,UST,DLSU,0,8,7,16,N. Consejo,2,jump shot,2018.10.03,MOA,0
3029,UST,DLSU,0,-71,-3,6,M. Lee,3,jump shot,2018.10.03,MOA,0
3030,UST,DLSU,0,6,85,5,R. Subido,3,jump shot,2018.10.03,MOA,0
3031,UST,DLSU,0,-31,16,8,K. Zamora,2,jump shot,2018.10.03,MOA,0
3032,UST,DLSU,0,69,-1,7,J. Marcos,3,jump shot,2018.10.03,MOA,0
3033,UST,DLSU,0,0,3,16,N. Consejo,2,jump shot,2018.10.03,MOA,0
3034,UST,DLSU,1,7,0,16,N. Consejo,2,jump shot,2018.10.03,MOA,2
3035,UST,DLSU,0,6,8,16,N. Consejo,2,jump shot,2018.10.03,MOA,0
3036,UST,DLSU,1,5,-1,27,C. Cansino,2,jump shot,2018.10.03,MOA,2
3037,UST,DLSU,0,-53,31,7,J. Marcos,2,jump shot,2018.10.03,MOA,0
3038,UST,DLSU,0,-2,14,5,R. Subido,2,jump shot,2018.10.03,MOA,0
3039,UST,DLSU,0,-9,0,27,C. Cansino,2,jump shot,2018.10.03,MOA,0
3040,UST,DLSU,0,66,63,5,R. Subido,3,jump shot,2018.10.03,MOA,0
3041,UST,DLSU,0,-1,5,27,C. Cansino,2,jump shot,2018.10.03,MOA,0
3042,UST,DLSU,0,15,-3,27,C. Cansino,2,jump shot,2018.10.03,MOA,0
3043,UST,DLSU,0,-43,15,11,E. Caunan,2,jump shot,2018.10.03,MOA,0
3044,UST,DLSU,1,-20,19,13,Z. Huang,2,jump shot,2018.10.03,MOA,2
3045,UST,DLSU,0,-17,0,7,J. Marcos,2,jump shot,2018.10.03,MOA,0
3046,UST,DLSU,0,-53,62,5,R. Subido,3,jump shot,2018.10.03,MOA,0
3047,UST,DLSU,0,-3,0,7,J. Marcos,2,jump shot,2018.10.03,MOA,0
3048,UST,DLSU,1,-9,11,13,Z. Huang,2,jump shot,2018.10.03,MOA,2
3049,UST,DLSU,0,-1,29,5,R. Subido,2,jump shot,2018.10.03,MOA,0
3050,UST,DLSU,1,-62,35,5,R. Subido,3,jump shot,2018.10.03,MOA,3
3051,UST,DLSU,0,2,11,15,T. Agustin,2,jump shot,2018.10.03,MOA,0
3052,UST,DLSU,0,65,60,6,M. Lee,3,jump shot,2018.10.03,MOA,0
3053,UST,DLSU,1,67,-6,5,R. Subido,3,jump shot,2018.10.03,MOA,3
3054,UST,DLSU,1,-7,3,2,I. Batalier,2,jump shot,2018.10.03,MOA,2
3055,UST,DLSU,0,-2,84,5,R. Subido,3,jump shot,2018.10.03,MOA,0
3056,UST,DLSU,1,1,3,5,R. Subido,2,jump shot,2018.10.03,MOA,2
3057,UST,DLSU,0,-69,2,15,T. Agustin,3,jump shot,2018.10.03,MOA,0
3058,UST,DLSU,0,-64,34,5,R. Subido,3,jump shot,2018.10.03,MOA,0
3059,UST,DLSU,1,67,58,6,M. Lee,3,jump shot,2018.10.03,MOA,3
3060,NU,FEU,0,6,1,10,I. Gaye,2,jump shot,2018.10.03,MOA,0
3061,NU,FEU,0,-13,0,1,D. Ildefonso,2,jump shot,2018.10.03,MOA,0
3062,NU,FEU,1,-65,42,1,D. Ildefonso,3,jump shot,2018.10.03,MOA,3
3063,NU,FEU,0,34,36,10,I. Gaye,2,jump shot,2018.10.03,MOA,0
3064,NU,FEU,0,-4,35,1,D. Ildefonso,2,jump shot,2018.10.03,MOA,0
3065,NU,FEU,1,-66,31,1,D. Ildefonso,3,jump shot,2018.10.03,MOA,3
3066,NU,FEU,0,-72,43,23,R. Morido,3,jump shot,2018.10.03,MOA,0
3067,NU,FEU,1,37,23,13,M. Aquino,2,jump shot,2018.10.03,MOA,2
3068,NU,FEU,1,71,52,13,M. Aquino,3,jump shot,2018.10.03,MOA,3
3069,NU,FEU,0,65,62,1,D. Ildefonso,3,jump shot,2018.10.03,MOA,0
3070,NU,FEU,1,69,41,9,J. Clemente,3,jump shot,2018.10.03,MOA,3
3071,NU,FEU,1,37,75,13,M. Aquino,3,jump shot,2018.10.03,MOA,3
3072,NU,FEU,1,-4,3,5,A. Diputado,2,jump shot,2018.10.03,MOA,2
3073,NU,FEU,0,56,18,0,S. Ildefonso,2,jump shot,2018.10.03,MOA,0
3074,NU,FEU,0,-68,45,1,D. Ildefonso,3,jump shot,2018.10.03,MOA,0
3075,NU,FEU,0,64,63,13,M. Aquino,3,jump shot,2018.10.03,MOA,0
3076,NU,FEU,1,-2,2,5,A. Diputado,2,jump shot,2018.10.03,MOA,2
3077,NU,FEU,1,-58,53,9,J. Clemente,3,jump shot,2018.10.03,MOA,3
3078,NU,FEU,0,19,33,15,D. Yu,2,jump shot,2018.10.03,MOA,0
3079,NU,FEU,0,63,46,9,J. Clemente,3,jump shot,2018.10.03,MOA,0
3080,NU,FEU,0,69,6,9,J. Clemente,3,jump shot,2018.10.03,MOA,0
3081,NU,FEU,1,-60,55,15,D. Yu,3,jump shot,2018.10.03,MOA,3
3082,NU,FEU,0,70,-5,15,D. Yu,3,jump shot,2018.10.03,MOA,0
3083,NU,FEU,1,-60,50,0,S. Ildefonso,3,jump shot,2018.10.03,MOA,3
3084,NU,FEU,0,42,66,21,T. Rike,3,jump shot,2018.10.03,MOA,0
3085,NU,FEU,1,34,14,9,J. Clemente,2,jump shot,2018.10.03,MOA,2
3086,NU,FEU,0,-4,2,1,D. Ildefonso,2,jump shot,2018.10.03,MOA,0
3087,NU,FEU,0,-72,39,0,S. Ildefonso,3,jump shot,2018.10.03,MOA,0
3088,NU,FEU,1,-42,18,9,J. Clemente,2,jump shot,2018.10.03,MOA,2
3089,NU,FEU,0,-61,62,9,J. Clemente,3,jump shot,2018.10.03,MOA,0
3090,NU,FEU,0,5,0,0,S. Ildefonso,2,jump shot,2018.10.03,MOA,0
3091,NU,FEU,0,1,3,13,M. Aquino,2,jump shot,2018.10.03,MOA,0
3092,NU,FEU,0,-21,3,21,T. Rike,2,jump shot,2018.10.03,MOA,0
3093,NU,FEU,1,71,0,8,A. Joson,3,jump shot,2018.10.03,MOA,3
3094,NU,FEU,0,-19,47,8,A. Joson,2,jump shot,2018.10.03,MOA,0
3095,NU,FEU,0,-67,-1,19,J. Gallego,3,jump shot,2018.10.03,MOA,0
3096,NU,FEU,1,-4,2,8,A. Joson,2,lay up,2018.10.03,MOA,2
3097,NU,FEU,0,-71,39,1,D. Ildefonso,3,jump shot,2018.10.03,MOA,0
3098,NU,FEU,0,-1,79,8,A. Joson,3,jump shot,2018.10.03,MOA,0
3099,NU,FEU,0,16,13,10,I. Gaye,2,jump shot,2018.10.03,MOA,0
3100,NU,FEU,0,-2,11,23,R. Morido,2,jump shot,2018.10.03,MOA,0
3101,NU,FEU,0,-70,45,8,A. Joson,3,jump shot,2018.10.03,MOA,0
3102,NU,FEU,1,-2,3,23,R. Morido,2,lay up,2018.10.03,MOA,2
3103,NU,FEU,0,-3,0,23,R. Morido,2,jump shot,2018.10.03,MOA,0
3104,NU,FEU,1,75,-3,13,M. Aquino,3,jump shot,2018.10.03,MOA,3
3105,NU,FEU,1,73,44,15,D. Yu,3,jump shot,2018.10.03,MOA,3
3106,NU,FEU,0,-71,2,13,M. Aquino,3,jump shot,2018.10.03,MOA,0
3107,NU,FEU,0,-37,80,21,T. Rike,3,jump shot,2018.10.03,MOA,0
3108,NU,FEU,1,0,0,5,A. Diputado,2,jump shot,2018.10.03,MOA,2
3109,NU,FEU,0,-16,1,5,A. Diputado,2,jump shot,2018.10.03,MOA,0
3110,NU,FEU,0,43,61,13,M. Aquino,3,jump shot,2018.10.03,MOA,0
3111,NU,FEU,0,52,45,9,J. Clemente,3,jump shot,2018.10.03,MOA,0
3112,NU,FEU,0,49,0,0,S. Ildefonso,2,jump shot,2018.10.03,MOA,0
3113,NU,FEU,0,6,1,1,D. Ildefonso,2,jump shot,2018.10.03,MOA,0
3114,NU,FEU,0,44,62,19,J. Gallego,3,jump shot,2018.10.03,MOA,0
3115,NU,FEU,1,-3,8,1,D. Ildefonso,2,jump shot,2018.10.03,MOA,2
3116,NU,FEU,1,-42,-3,8,A. Joson,2,jump shot,2018.10.03,MOA,2
3117,NU,FEU,0,-22,6,19,J. Gallego,2,jump shot,2018.10.03,MOA,0
3118,NU,FEU,1,-63,53,19,J. Gallego,3,jump shot,2018.10.03,MOA,3
3119,NU,FEU,0,48,61,19,J. Gallego,3,jump shot,2018.10.03,MOA,0
3120,NU,FEU,1,-3,4,1,D. Ildefonso,2,jump shot,2018.10.03,MOA,2
3121,NU,FEU,0,41,41,9,J. Clemente,2,jump shot,2018.10.03,MOA,0
3122,NU,FEU,1,1,7,10,I. Gaye,2,jump shot,2018.10.03,MOA,2
3123,NU,FEU,0,-28,41,10,I. Gaye,2,jump shot,2018.10.03,MOA,0
3124,NU,FEU,0,51,65,9,J. Clemente,3,jump shot,2018.10.03,MOA,0
3125,NU,FEU,1,-1,14,9,J. Clemente,2,jump shot,2018.10.03,MOA,2
3126,NU,FEU,1,53,69,9,J. Clemente,3,jump shot,2018.10.03,MOA,3
3127,FEU,NU,0,36,0,3,J. Parker,2,jump shot,2018.10.03,MOA,0
3128,FEU,NU,1,16,0,21,R. Escoto,2,jump shot,2018.10.03,MOA,2
3129,FEU,NU,1,15,-1,21,R. Escoto,2,jump shot,2018.10.03,MOA,2
3130,FEU,NU,0,18,42,10,W. Comboy,2,jump shot,2018.10.03,MOA,0
3131,FEU,NU,0,15,9,3,J. Parker,2,jump shot,2018.10.03,MOA,0
3132,FEU,NU,1,7,0,10,W. Comboy,2,lay up,2018.10.03,MOA,2
3133,FEU,NU,1,-3,2,21,R. Escoto,2,jump shot,2018.10.03,MOA,2
3134,FEU,NU,1,-75,-9,20,K. Tuffin,3,jump shot,2018.10.03,MOA,3
3135,FEU,NU,0,-63,0,3,J. Parker,2,jump shot,2018.10.03,MOA,0
3136,FEU,NU,1,7,2,17,P. Orizu,2,jump shot,2018.10.03,MOA,2
3137,FEU,NU,0,-63,49,10,W. Comboy,3,jump shot,2018.10.03,MOA,0
3138,FEU,NU,0,-66,43,41,A. Tolentino,3,jump shot,2018.10.03,MOA,0
3139,FEU,NU,1,8,11,8,B. Ebona,2,jump shot,2018.10.03,MOA,2
3140,FEU,NU,1,-9,0,8,B. Ebona,2,jump shot,2018.10.03,MOA,2
3141,FEU,NU,0,55,43,41,A. Tolentino,3,jump shot,2018.10.03,MOA,0
3142,FEU,NU,0,29,27,41,A. Tolentino,2,jump shot,2018.10.03,MOA,0
3143,FEU,NU,0,43,72,41,A. Tolentino,3,jump shot,2018.10.03,MOA,0
3144,FEU,NU,1,-2,18,9,H. Cani,2,jump shot,2018.10.03,MOA,2
3145,FEU,NU,0,37,35,21,R. Escoto,2,jump shot,2018.10.03,MOA,0
3146,FEU,NU,1,-2,88,13,L. Gonzales,3,jump shot,2018.10.03,MOA,3
3147,FEU,NU,0,49,65,13,L. Gonzales,3,jump shot,2018.10.03,MOA,0
3148,FEU,NU,1,-1,1,13,L. Gonzales,2,lay up,2018.10.03,MOA,2
3149,FEU,NU,0,4,-2,21,R. Escoto,2,jump shot,2018.10.03,MOA,0
3150,FEU,NU,1,64,55,20,K. Tuffin,3,jump shot,2018.10.03,MOA,3
3151,FEU,NU,1,-6,-1,17,P. Orizu,2,jump shot,2018.10.03,MOA,2
3152,FEU,NU,0,7,3,10,W. Comboy,2,jump shot,2018.10.03,MOA,0
3153,FEU,NU,0,25,8,3,J. Parker,2,jump shot,2018.10.03,MOA,0
3154,FEU,NU,1,72,-6,10,W. Comboy,3,jump shot,2018.10.03,MOA,3
3155,FEU,NU,0,67,-2,20,K. Tuffin,3,jump shot,2018.10.03,MOA,0
3156,FEU,NU,1,-6,5,41,A. Tolentino,2,lay up,2018.10.03,MOA,2
3157,FEU,NU,0,54,97,9,H. Cani,3,jump shot,2018.10.03,MOA,0
3158,FEU,NU,1,2,4,3,J. Parker,2,jump shot,2018.10.03,MOA,2
3159,FEU,NU,0,4,7,21,R. Escoto,2,jump shot,2018.10.03,MOA,0
3160,FEU,NU,0,-15,31,10,W. Comboy,2,jump shot,2018.10.03,MOA,0
3161,FEU,NU,0,3,8,10,W. Comboy,2,jump shot,2018.10.03,MOA,0
3162,FEU,NU,0,-20,3,21,R. Escoto,2,jump shot,2018.10.03,MOA,0
3163,FEU,NU,1,5,6,10,W. Comboy,2,lay up,2018.10.03,MOA,2
3164,FEU,NU,0,49,76,21,R. Escoto,3,jump shot,2018.10.03,MOA,0
3165,FEU,NU,1,1,5,41,A. Tolentino,2,jump shot,2018.10.03,MOA,2
3166,FEU,NU,0,6,11,41,A. Tolentino,2,jump shot,2018.10.03,MOA,0
3167,FEU,NU,0,3,13,8,B. Ebona,2,jump shot,2018.10.03,MOA,0
3168,FEU,NU,0,60,75,41,A. Tolentino,3,jump shot,2018.10.03,MOA,0
3169,FEU,NU,0,0,3,13,L. Gonzales,2,jump shot,2018.10.03,MOA,0
3170,FEU,NU,1,-8,-1,17,P. Orizu,2,jump shot,2018.10.03,MOA,2
3171,FEU,NU,0,5,4,2,A. Stockton,2,jump shot,2018.10.03,MOA,0
3172,FEU,NU,1,2,0,17,P. Orizu,2,jump shot,2018.10.03,MOA,2
3173,FEU,NU,1,-2,4,13,L. Gonzales,2,lay up,2018.10.03,MOA,2
3174,FEU,NU,0,10,6,13,L. Gonzales,2,jump shot,2018.10.03,MOA,0
3175,FEU,NU,0,3,5,17,P. Orizu,2,jump shot,2018.10.03,MOA,0
3176,FEU,NU,1,-64,58,10,W. Comboy,3,jump shot,2018.10.03,MOA,3
3177,FEU,NU,0,17,7,17,P. Orizu,2,jump shot,2018.10.03,MOA,0
3178,FEU,NU,0,41,61,3,J. Parker,3,jump shot,2018.10.03,MOA,0
3179,FEU,NU,1,46,39,10,W. Comboy,2,jump shot,2018.10.03,MOA,2
3180,FEU,NU,0,-4,0,21,R. Escoto,2,jump shot,2018.10.03,MOA,0
3181,FEU,NU,0,-54,49,41,A. Tolentino,3,jump shot,2018.10.03,MOA,0
3182,FEU,NU,1,0,24,3,J. Parker,2,jump shot,2018.10.03,MOA,2
3183,FEU,NU,0,-33,40,13,L. Gonzales,2,jump shot,2018.10.03,MOA,0
3184,FEU,NU,1,-62,59,10,W. Comboy,3,jump shot,2018.10.03,MOA,3
3185,FEU,NU,0,-9,-7,41,A. Tolentino,2,jump shot,2018.10.03,MOA,0
3186,FEU,NU,0,-54,48,13,L. Gonzales,3,jump shot,2018.10.03,MOA,0
3187,FEU,NU,1,-16,32,10,W. Comboy,2,jump shot,2018.10.03,MOA,2
3188,FEU,NU,1,-48,64,20,K. Tuffin,3,jump shot,2018.10.03,MOA,3
3189,UST,UE,1,-2,76,13,Z. Huang,3,jump shot,2018.10.06,MOA,3
3190,UST,UE,0,26,16,11,E. Caunan,2,jump shot,2018.10.06,MOA,0
3191,UST,UE,1,71,20,6,M. Lee,3,jump shot,2018.10.06,MOA,3
3192,UST,UE,0,20,71,13,Z. Huang,3,jump shot,2018.10.06,MOA,0
3193,UST,UE,0,35,66,8,K. Zamora,3,jump shot,2018.10.06,MOA,0
3194,UST,UE,0,24,-1,27,C. Cansino,2,jump shot,2018.10.06,MOA,0
3195,UST,UE,0,2,31,13,Z. Huang,2,jump shot,2018.10.06,MOA,0
3196,UST,UE,0,11,73,6,M. Lee,3,jump shot,2018.10.06,MOA,0
3197,UST,UE,1,69,3,27,C. Cansino,3,jump shot,2018.10.06,MOA,3
3198,UST,UE,0,41,61,7,J. Marcos,3,jump shot,2018.10.06,MOA,0
3199,UST,UE,1,47,40,13,Z. Huang,2,jump shot,2018.10.06,MOA,2
3200,UST,UE,0,51,53,16,N. Consejo,3,jump shot,2018.10.06,MOA,0
3201,UST,UE,1,-47,58,5,R. Subido,3,jump shot,2018.10.06,MOA,3
3202,UST,UE,0,-3,65,7,J. Marcos,2,jump shot,2018.10.06,MOA,0
3203,UST,UE,0,30,32,15,T. Agustin,2,jump shot,2018.10.06,MOA,0
3204,UST,UE,0,37,3,5,R. Subido,2,jump shot,2018.10.06,MOA,0
3205,UST,UE,0,26,46,26,G. Mahinay,2,jump shot,2018.10.06,MOA,0
3206,UST,UE,0,-7,10,27,C. Cansino,2,jump shot,2018.10.06,MOA,0
3207,UST,UE,1,0,2,27,C. Cansino,2,tip in,2018.10.06,MOA,2
3208,UST,UE,0,-20,15,13,Z. Huang,2,jump shot,2018.10.06,MOA,0
3209,UST,UE,1,59,-3,5,R. Subido,2,jump shot,2018.10.06,MOA,2
3210,UST,UE,0,-65,31,6,M. Lee,3,jump shot,2018.10.06,MOA,0
3211,UST,UE,1,58,46,27,C. Cansino,3,jump shot,2018.10.06,MOA,3
3212,UST,UE,1,54,0,11,E. Caunan,2,jump shot,2018.10.06,MOA,2
3213,UST,UE,0,32,10,27,C. Cansino,2,jump shot,2018.10.06,MOA,0
3214,UST,UE,0,-39,19,5,R. Subido,2,jump shot,2018.10.06,MOA,0
3215,UST,UE,1,64,38,6,M. Lee,3,jump shot,2018.10.06,MOA,3
3216,UST,UE,0,22,69,13,Z. Huang,3,jump shot,2018.10.06,MOA,0
3217,UST,UE,0,-30,10,27,C. Cansino,2,jump shot,2018.10.06,MOA,0
3218,UST,UE,0,-43,0,6,M. Lee,2,jump shot,2018.10.06,MOA,0
3219,UST,UE,0,-59,48,5,R. Subido,3,jump shot,2018.10.06,MOA,0
3220,UST,UE,0,-20,24,13,Z. Huang,2,jump shot,2018.10.06,MOA,0
3221,UST,UE,0,-68,0,6,M. Lee,3,jump shot,2018.10.06,MOA,0
3222,UST,UE,0,-8,11,13,Z. Huang,2,jump shot,2018.10.06,MOA,0
3223,UST,UE,0,-10,75,8,K. Zamora,3,jump shot,2018.10.06,MOA,0
3224,UST,UE,1,69,6,6,M. Lee,3,jump shot,2018.10.06,MOA,3
3225,UST,UE,0,27,52,13,Z. Huang,2,jump shot,2018.10.06,MOA,0
3226,UST,UE,0,17,19,8,K. Zamora,2,jump shot,2018.10.06,MOA,0
3227,UST,UE,0,6,18,26,G. Mahinay,2,jump shot,2018.10.06,MOA,0
3228,UST,UE,1,51,56,8,K. Zamora,3,jump shot,2018.10.06,MOA,3
3229,UST,UE,1,-14,7,26,G. Mahinay,2,jump shot,2018.10.06,MOA,2
3230,UST,UE,1,16,3,13,Z. Huang,2,jump shot,2018.10.06,MOA,2
3231,UST,UE,1,-46,58,5,R. Subido,3,jump shot,2018.10.06,MOA,3
3232,UST,UE,0,-50,9,6,M. Lee,2,jump shot,2018.10.06,MOA,0
3233,UST,UE,0,17,15,13,Z. Huang,2,jump shot,2018.10.06,MOA,0
3234,UST,UE,0,38,74,8,K. Zamora,3,jump shot,2018.10.06,MOA,0
3235,UST,UE,0,-11,9,11,E. Caunan,2,jump shot,2018.10.06,MOA,0
3236,UST,UE,1,52,56,8,K. Zamora,3,jump shot,2018.10.06,MOA,3
3237,UST,UE,1,-7,0,5,R. Subido,2,jump shot,2018.10.06,MOA,2
3238,UST,UE,0,10,75,5,R. Subido,3,jump shot,2018.10.06,MOA,0
3239,UST,UE,0,-37,42,5,R. Subido,2,jump shot,2018.10.06,MOA,0
3240,UST,UE,0,-16,14,16,N. Consejo,2,jump shot,2018.10.06,MOA,0
3241,UST,UE,1,16,31,26,G. Mahinay,2,jump shot,2018.10.06,MOA,2
3242,UST,UE,1,-13,73,5,R. Subido,3,jump shot,2018.10.06,MOA,3
3243,UST,UE,1,-6,8,27,C. Cansino,2,lay up,2018.10.06,MOA,2
3244,UST,UE,1,70,8,27,C. Cansino,3,jump shot,2018.10.06,MOA,3
3245,UST,UE,0,4,7,11,E. Caunan,2,jump shot,2018.10.06,MOA,0
3246,UST,UE,0,58,43,6,M. Lee,3,jump shot,2018.10.06,MOA,0
3247,UST,UE,0,15,74,5,R. Subido,3,jump shot,2018.10.06,MOA,0
3248,UST,UE,1,-67,31,7,J. Marcos,3,jump shot,2018.10.06,MOA,3
3249,UST,UE,0,-52,64,6,M. Lee,3,jump shot,2018.10.06,MOA,0
3250,UST,UE,1,70,22,7,J. Marcos,3,jump shot,2018.10.06,MOA,3
3251,UST,UE,1,-39,61,5,R. Subido,3,jump shot,2018.10.06,MOA,3
3252,UST,UE,0,66,8,27,C. Cansino,3,jump shot,2018.10.06,MOA,0
3253,UST,UE,0,2,18,5,R. Subido,2,jump shot,2018.10.06,MOA,0
3254,UST,UE,1,54,48,5,R. Subido,3,jump shot,2018.10.06,MOA,3
3255,UST,UE,0,-12,75,5,R. Subido,3,jump shot,2018.10.06,MOA,0
3256,UST,UE,0,47,57,13,Z. Huang,3,jump shot,2018.10.06,MOA,0
3257,UST,UE,1,-20,11,11,E. Caunan,2,jump shot,2018.10.06,MOA,2
3258,UST,UE,0,-22,-1,27,C. Cansino,2,jump shot,2018.10.06,MOA,0
3259,UST,UE,1,11,5,13,Z. Huang,2,lay up,2018.10.06,MOA,2
3260,UST,UE,0,-50,50,5,R. Subido,3,jump shot,2018.10.06,MOA,0
3261,UE,UST,0,-33,14,18,P. Manalang,2,jump shot,2018.10.06,MOA,0
3262,UE,UST,1,-16,12,9,J. Varilla,2,jump shot,2018.10.06,MOA,2
3263,UE,UST,1,-21,61,9,J. Varilla,2,jump shot,2018.10.06,MOA,2
3264,UE,UST,1,7,60,84,R. Gallardo,2,jump shot,2018.10.06,MOA,2
3265,UE,UST,0,-12,2,21,W. Bartolome,2,jump shot,2018.10.06,MOA,0
3266,UE,UST,0,-56,43,2,M. Maloles,3,jump shot,2018.10.06,MOA,0
3267,UE,UST,0,28,5,23,A. Pasaol,2,jump shot,2018.10.06,MOA,0
3268,UE,UST,0,-23,2,9,J. Varilla,2,jump shot,2018.10.06,MOA,0
3269,UE,UST,1,-28,31,23,A. Pasaol,2,jump shot,2018.10.06,MOA,2
3270,UE,UST,0,29,69,9,J. Varilla,3,jump shot,2018.10.06,MOA,0
3271,UE,UST,1,-43,7,23,A. Pasaol,2,jump shot,2018.10.06,MOA,2
3272,UE,UST,0,25,40,21,W. Bartolome,2,jump shot,2018.10.06,MOA,0
3273,UE,UST,0,4,24,18,P. Manalang,2,jump shot,2018.10.06,MOA,0
3274,UE,UST,1,-54,10,2,M. Maloles,2,jump shot,2018.10.06,MOA,2
3275,UE,UST,0,-32,52,1,C. Conner,2,jump shot,2018.10.06,MOA,0
3276,UE,UST,0,10,5,23,A. Pasaol,2,jump shot,2018.10.06,MOA,0
3277,UE,UST,0,36,70,23,A. Pasaol,3,jump shot,2018.10.06,MOA,0
3278,UE,UST,0,-53,57,1,C. Conner,3,jump shot,2018.10.06,MOA,0
3279,UE,UST,1,-17,8,23,A. Pasaol,2,lay up,2018.10.06,MOA,2
3280,UE,UST,0,-26,21,23,A. Pasaol,2,jump shot,2018.10.06,MOA,0
3281,UE,UST,0,-69,2,9,J. Varilla,3,jump shot,2018.10.06,MOA,0
3282,UE,UST,0,49,57,26,J. Cullar,3,jump shot,2018.10.06,MOA,0
3283,UE,UST,0,11,6,23,A. Pasaol,2,jump shot,2018.10.06,MOA,0
3284,UE,UST,0,-30,5,2,M. Maloles,2,jump shot,2018.10.06,MOA,0
3285,UE,UST,1,47,1,21,W. Bartolome,2,jump shot,2018.10.06,MOA,2
3286,UE,UST,0,-36,46,21,W. Bartolome,2,jump shot,2018.10.06,MOA,0
3287,UE,UST,0,-17,12,23,A. Pasaol,2,jump shot,2018.10.06,MOA,0
3288,UE,UST,0,38,63,2,M. Maloles,3,jump shot,2018.10.06,MOA,0
3289,UE,UST,0,-46,7,23,A. Pasaol,2,jump shot,2018.10.06,MOA,0
3290,UE,UST,0,-10,2,23,A. Pasaol,2,jump shot,2018.10.06,MOA,0
3291,UE,UST,1,43,29,18,P. Manalang,2,jump shot,2018.10.06,MOA,2
3292,UE,UST,1,-4,13,23,A. Pasaol,2,jump shot,2018.10.06,MOA,2
3293,UE,UST,1,-17,13,23,A. Pasaol,2,lay up,2018.10.06,MOA,2
3294,UE,UST,1,-15,13,9,J. Varilla,2,lay up,2018.10.06,MOA,2
3295,UE,UST,0,-20,6,81,J. Antiporda,2,jump shot,2018.10.06,MOA,0
3296,UE,UST,0,20,10,1,C. Conner,2,jump shot,2018.10.06,MOA,0
3297,UE,UST,0,-7,20,23,A. Pasaol,2,jump shot,2018.10.06,MOA,0
3298,UE,UST,0,70,34,9,J. Varilla,3,jump shot,2018.10.06,MOA,0
3299,UE,UST,0,53,54,18,P. Manalang,3,jump shot,2018.10.06,MOA,0
3300,UE,UST,0,-14,38,9,J. Varilla,2,jump shot,2018.10.06,MOA,0
3301,UE,UST,1,56,50,9,J. Varilla,3,jump shot,2018.10.06,MOA,3
3302,UE,UST,0,-65,36,9,J. Varilla,3,jump shot,2018.10.06,MOA,0
3303,UE,UST,0,-11,11,18,P. Manalang,2,jump shot,2018.10.06,MOA,0
3304,UE,UST,1,40,36,23,A. Pasaol,2,jump shot,2018.10.06,MOA,2
3305,UE,UST,1,14,16,8,C. Lacap,2,jump shot,2018.10.06,MOA,2
3306,UE,UST,0,-71,-2,9,J. Varilla,3,jump shot,2018.10.06,MOA,0
3307,UE,UST,0,12,9,23,A. Pasaol,2,jump shot,2018.10.06,MOA,0
3308,UE,UST,0,46,60,9,J. Varilla,3,jump shot,2018.10.06,MOA,0
3309,UE,UST,0,19,25,26,J. Cullar,2,jump shot,2018.10.06,MOA,0
3310,UE,UST,0,21,72,26,J. Cullar,3,jump shot,2018.10.06,MOA,0
3311,UE,UST,1,70,0,23,A. Pasaol,3,jump shot,2018.10.06,MOA,3
3312,UE,UST,0,-21,13,9,J. Varilla,2,jump shot,2018.10.06,MOA,0
3313,UE,UST,1,4,14,23,A. Pasaol,2,lay up,2018.10.06,MOA,2
3314,UE,UST,0,-11,5,23,A. Pasaol,2,jump shot,2018.10.06,MOA,0
3315,UE,UST,0,-56,49,18,P. Manalang,3,jump shot,2018.10.06,MOA,0
3316,UE,UST,1,-8,4,23,A. Pasaol,2,jump shot,2018.10.06,MOA,2
3317,UE,UST,0,-15,76,18,P. Manalang,3,jump shot,2018.10.06,MOA,0
3318,UE,UST,0,-2,21,2,M. Maloles,2,jump shot,2018.10.06,MOA,0
3319,UE,UST,1,38,66,18,P. Manalang,3,jump shot,2018.10.06,MOA,3
3320,UE,UST,0,-25,24,2,M. Maloles,2,jump shot,2018.10.06,MOA,0
3321,ADMU,DLSU,0,6,52,13,W. Navarro,2,jump shot,2018.10.06,MOA,0
3322,ADMU,DLSU,0,-38,61,0,T. Ravena,3,jump shot,2018.10.06,MOA,0
3323,ADMU,DLSU,0,3,81,34,A. Kouame,3,jump shot,2018.10.06,MOA,0
3324,ADMU,DLSU,1,57,46,4,A. Asistio,3,jump shot,2018.10.06,MOA,3
3325,ADMU,DLSU,1,10,21,34,A. Kouame,2,jump shot,2018.10.06,MOA,2
3326,ADMU,DLSU,1,21,3,34,A. Kouame,2,jump shot,2018.10.06,MOA,2
3327,ADMU,DLSU,1,14,8,13,W. Navarro,2,jump shot,2018.10.06,MOA,2
3328,ADMU,DLSU,1,-47,62,4,A. Asistio,3,jump shot,2018.10.06,MOA,3
3329,ADMU,DLSU,0,70,16,4,A. Asistio,3,jump shot,2018.10.06,MOA,0
3330,ADMU,DLSU,0,15,5,22,R. Verano,2,jump shot,2018.10.06,MOA,0
3331,ADMU,DLSU,0,31,22,27,S. Belangel,2,jump shot,2018.10.06,MOA,0
3332,ADMU,DLSU,0,-52,49,11,I. Go,3,jump shot,2018.10.06,MOA,0
3333,ADMU,DLSU,0,70,-3,13,W. Navarro,3,jump shot,2018.10.06,MOA,0
3334,ADMU,DLSU,0,-37,19,11,I. Go,2,jump shot,2018.10.06,MOA,0
3335,ADMU,DLSU,0,19,21,7,M. Nieto,2,jump shot,2018.10.06,MOA,0
3336,ADMU,DLSU,0,64,8,7,M. Nieto,2,jump shot,2018.10.06,MOA,0
3337,ADMU,DLSU,1,13,9,34,A. Kouame,2,jump shot,2018.10.06,MOA,2
3338,ADMU,DLSU,0,33,20,12,J. Nieto,2,jump shot,2018.10.06,MOA,0
3339,ADMU,DLSU,0,47,66,12,J. Nieto,3,jump shot,2018.10.06,MOA,0
3340,ADMU,DLSU,0,19,0,7,M. Nieto,2,jump shot,2018.10.06,MOA,0
3341,ADMU,DLSU,0,60,43,10,J. Mendoza,3,jump shot,2018.10.06,MOA,0
3342,ADMU,DLSU,0,-56,50,13,W. Navarro,3,jump shot,2018.10.06,MOA,0
3343,ADMU,DLSU,1,9,21,13,W. Navarro,2,jump shot,2018.10.06,MOA,2
3344,ADMU,DLSU,1,25,45,34,A. Kouame,2,jump shot,2018.10.06,MOA,2
3345,ADMU,DLSU,0,-26,17,34,A. Kouame,2,jump shot,2018.10.06,MOA,0
3346,ADMU,DLSU,0,30,4,0,T. Ravena,2,jump shot,2018.10.06,MOA,0
3347,ADMU,DLSU,0,-37,20,10,J. Mendoza,2,jump shot,2018.10.06,MOA,0
3348,ADMU,DLSU,0,21,21,3,A. Wong,2,jump shot,2018.10.06,MOA,0
3349,ADMU,DLSU,0,-62,34,3,A. Wong,3,jump shot,2018.10.06,MOA,0
3350,ADMU,DLSU,0,2,83,3,A. Wong,3,jump shot,2018.10.06,MOA,0
3351,ADMU,DLSU,1,62,34,0,T. Ravena,3,jump shot,2018.10.06,MOA,3
3352,ADMU,DLSU,0,-27,42,22,R. Verano,2,jump shot,2018.10.06,MOA,0
3353,ADMU,DLSU,0,-25,13,34,A. Kouame,2,jump shot,2018.10.06,MOA,0
3354,ADMU,DLSU,0,10,58,4,A. Asistio,2,jump shot,2018.10.06,MOA,0
3355,ADMU,DLSU,0,-14,3,4,A. Asistio,2,jump shot,2018.10.06,MOA,0
3356,ADMU,DLSU,0,-14,4,0,T. Ravena,2,jump shot,2018.10.06,MOA,0
3357,ADMU,DLSU,1,2,75,34,A. Kouame,3,jump shot,2018.10.06,MOA,3
3358,ADMU,DLSU,0,-40,63,0,T. Ravena,3,jump shot,2018.10.06,MOA,0
3359,ADMU,DLSU,0,63,39,22,R. Verano,3,jump shot,2018.10.06,MOA,0
3360,ADMU,DLSU,1,36,35,22,R. Verano,2,jump shot,2018.10.06,MOA,2
3361,ADMU,DLSU,1,-11,14,0,T. Ravena,2,lay up,2018.10.06,MOA,2
3362,ADMU,DLSU,0,-55,53,12,J. Nieto,3,jump shot,2018.10.06,MOA,0
3363,ADMU,DLSU,1,-12,19,11,I. Go,2,jump shot,2018.10.06,MOA,2
3364,ADMU,DLSU,1,-67,47,4,A. Asistio,3,jump shot,2018.10.06,MOA,3
3365,ADMU,DLSU,0,-30,64,11,I. Go,3,jump shot,2018.10.06,MOA,0
3366,ADMU,DLSU,0,-8,59,12,J. Nieto,2,jump shot,2018.10.06,MOA,0
3367,ADMU,DLSU,0,18,17,7,M. Nieto,2,jump shot,2018.10.06,MOA,0
3368,ADMU,DLSU,0,-33,31,19,T. Tio,2,jump shot,2018.10.06,MOA,0
3369,ADMU,DLSU,1,0,1,11,I. Go,2,tip in,2018.10.06,MOA,2
3370,ADMU,DLSU,1,47,9,7,M. Nieto,2,jump shot,2018.10.06,MOA,2
3371,ADMU,DLSU,1,-33,20,19,T. Tio,2,jump shot,2018.10.06,MOA,2
3372,ADMU,DLSU,1,-29,69,19,T. Tio,3,jump shot,2018.10.06,MOA,3
3373,ADMU,DLSU,0,19,42,19,T. Tio,2,jump shot,2018.10.06,MOA,0
3374,ADMU,DLSU,0,-17,10,13,W. Navarro,2,jump shot,2018.10.06,MOA,0
3375,ADMU,DLSU,0,-53,25,3,A. Wong,2,jump shot,2018.10.06,MOA,0
3376,ADMU,DLSU,0,42,18,13,W. Navarro,2,jump shot,2018.10.06,MOA,0
3377,ADMU,DLSU,1,-36,25,13,W. Navarro,2,jump shot,2018.10.06,MOA,2
3378,ADMU,DLSU,0,16,11,13,W. Navarro,2,jump shot,2018.10.06,MOA,0
3379,ADMU,DLSU,1,13,14,11,I. Go,2,jump shot,2018.10.06,MOA,2
3380,ADMU,DLSU,0,27,6,3,A. Wong,2,jump shot,2018.10.06,MOA,0
3381,ADMU,DLSU,0,-13,8,11,I. Go,2,jump shot,2018.10.06,MOA,0
3382,ADMU,DLSU,0,9,32,11,I. Go,2,jump shot,2018.10.06,MOA,0
3383,ADMU,DLSU,0,54,57,7,M. Nieto,3,jump shot,2018.10.06,MOA,0
3384,ADMU,DLSU,0,-26,24,13,W. Navarro,2,jump shot,2018.10.06,MOA,0
3385,ADMU,DLSU,1,31,65,0,T. Ravena,3,jump shot,2018.10.06,MOA,3
3386,ADMU,DLSU,1,-70,11,22,R. Verano,3,jump shot,2018.10.06,MOA,3
3387,ADMU,DLSU,1,-69,23,22,R. Verano,3,jump shot,2018.10.06,MOA,3
3388,ADMU,DLSU,1,-6,19,34,A. Kouame,2,lay up,2018.10.06,MOA,2
3389,ADMU,DLSU,0,-34,41,0,T. Ravena,2,jump shot,2018.10.06,MOA,0
3390,ADMU,DLSU,1,66,23,4,A. Asistio,3,jump shot,2018.10.06,MOA,3
3391,ADMU,DLSU,1,-1,0,34,A. Kouame,2,dunk,2018.10.06,MOA,2
3392,DLSU,ADMU,1,-41,63,11,A. Melecio,3,jump shot,2018.10.06,MOA,3
3393,DLSU,ADMU,0,7,76,19,J. Baltazar,3,jump shot,2018.10.06,MOA,0
3394,DLSU,ADMU,0,-20,13,6,J. Manuel,2,jump shot,2018.10.06,MOA,0
3395,DLSU,ADMU,1,0,1,19,J. Baltazar,2,tip in,2018.10.06,MOA,2
3396,DLSU,ADMU,1,-9,21,32,B. Bates,2,jump shot,2018.10.06,MOA,2
3397,DLSU,ADMU,0,-50,58,6,J. Manuel,3,jump shot,2018.10.06,MOA,0
3398,DLSU,ADMU,0,44,6,6,J. Manuel,2,jump shot,2018.10.06,MOA,0
3399,DLSU,ADMU,0,-23,2,6,J. Manuel,2,jump shot,2018.10.06,MOA,0
3400,DLSU,ADMU,0,-32,23,15,K. Montalbo,2,jump shot,2018.10.06,MOA,0
3401,DLSU,ADMU,0,43,29,11,A. Melecio,2,jump shot,2018.10.06,MOA,0
3402,DLSU,ADMU,1,-31,19,7,M. Dyke,2,jump shot,2018.10.06,MOA,2
3403,DLSU,ADMU,0,-15,22,7,M. Dyke,2,jump shot,2018.10.06,MOA,0
3404,DLSU,ADMU,1,32,21,30,A. Caracut,2,jump shot,2018.10.06,MOA,2
3405,DLSU,ADMU,0,52,52,25,L. Santillian,3,jump shot,2018.10.06,MOA,0
3406,DLSU,ADMU,0,2,34,25,L. Santillian,2,jump shot,2018.10.06,MOA,0
3407,DLSU,ADMU,1,-10,15,7,M. Dyke,2,jump shot,2018.10.06,MOA,2
3408,DLSU,ADMU,0,-26,33,30,A. Caracut,2,jump shot,2018.10.06,MOA,0
3409,DLSU,ADMU,0,-43,57,15,K. Montalbo,3,jump shot,2018.10.06,MOA,0
3410,DLSU,ADMU,0,-13,14,18,F. Serrano,2,jump shot,2018.10.06,MOA,0
3411,DLSU,ADMU,0,-9,3,18,F. Serrano,2,jump shot,2018.10.06,MOA,0
3412,DLSU,ADMU,0,37,67,25,L. Santillian,3,jump shot,2018.10.06,MOA,0
3413,DLSU,ADMU,0,-63,49,30,A. Caracut,3,jump shot,2018.10.06,MOA,0
3414,DLSU,ADMU,1,-35,38,11,A. Melecio,2,jump shot,2018.10.06,MOA,2
3415,DLSU,ADMU,0,-37,16,11,A. Melecio,2,jump shot,2018.10.06,MOA,0
3416,DLSU,ADMU,1,16,81,6,J. Manuel,3,jump shot,2018.10.06,MOA,3
3417,DLSU,ADMU,0,44,64,11,A. Melecio,3,jump shot,2018.10.06,MOA,0
3418,DLSU,ADMU,0,36,69,11,A. Melecio,3,jump shot,2018.10.06,MOA,0
3419,DLSU,ADMU,0,-35,65,11,A. Melecio,3,jump shot,2018.10.06,MOA,0
3420,DLSU,ADMU,0,25,9,6,J. Manuel,2,jump shot,2018.10.06,MOA,0
3421,DLSU,ADMU,0,23,13,30,A. Caracut,2,jump shot,2018.10.06,MOA,0
3422,DLSU,ADMU,0,-27,80,25,L. Santillian,3,jump shot,2018.10.06,MOA,0
3423,DLSU,ADMU,1,23,72,11,A. Melecio,3,jump shot,2018.10.06,MOA,3
3424,DLSU,ADMU,0,-54,47,16,J. Go,3,jump shot,2018.10.06,MOA,0
3425,DLSU,ADMU,1,-16,12,19,J. Baltazar,2,lay up,2018.10.06,MOA,2
3426,DLSU,ADMU,0,-69,11,11,A. Melecio,3,jump shot,2018.10.06,MOA,0
3427,DLSU,ADMU,1,5,20,25,L. Santillian,2,jump shot,2018.10.06,MOA,2
3428,DLSU,ADMU,0,70,-2,30,A. Caracut,3,jump shot,2018.10.06,MOA,0
3429,DLSU,ADMU,0,2,34,30,A. Caracut,2,jump shot,2018.10.06,MOA,0
3430,DLSU,ADMU,0,59,47,11,A. Melecio,3,jump shot,2018.10.06,MOA,0
3431,DLSU,ADMU,1,-26,7,7,M. Dyke,2,jump shot,2018.10.06,MOA,2
3432,DLSU,ADMU,0,17,5,11,A. Melecio,2,jump shot,2018.10.06,MOA,0
3433,DLSU,ADMU,0,-10,33,11,A. Melecio,2,jump shot,2018.10.06,MOA,0
3434,DLSU,ADMU,0,-46,115,15,K. Montalbo,3,jump shot,2018.10.06,MOA,0
3435,DLSU,ADMU,1,12,7,11,A. Melecio,2,jump shot,2018.10.06,MOA,2
3436,DLSU,ADMU,1,27,3,11,A. Melecio,2,jump shot,2018.10.06,MOA,2
3437,DLSU,ADMU,0,52,57,11,A. Melecio,3,jump shot,2018.10.06,MOA,0
3438,DLSU,ADMU,0,-44,67,30,A. Caracut,3,jump shot,2018.10.06,MOA,0
3439,DLSU,ADMU,0,29,32,25,L. Santillian,2,jump shot,2018.10.06,MOA,0
3440,DLSU,ADMU,0,-35,26,18,F. Serrano,2,jump shot,2018.10.06,MOA,0
3441,DLSU,ADMU,0,-63,43,15,K. Montalbo,3,jump shot,2018.10.06,MOA,0
3442,DLSU,ADMU,1,-36,7,30,A. Caracut,2,jump shot,2018.10.06,MOA,2
3443,DLSU,ADMU,0,22,12,11,A. Melecio,2,jump shot,2018.10.06,MOA,0
3444,DLSU,ADMU,1,5,14,25,L. Santillian,2,lay up,2018.10.06,MOA,2
3445,DLSU,ADMU,0,-28,19,11,A. Melecio,2,jump shot,2018.10.06,MOA,0
3446,DLSU,ADMU,0,1,20,18,F. Serrano,2,jump shot,2018.10.06,MOA,0
3447,DLSU,ADMU,1,14,21,15,K. Montalbo,2,lay up,2018.10.06,MOA,2
3448,DLSU,ADMU,1,17,24,15,K. Montalbo,2,jump shot,2018.10.06,MOA,2
3449,DLSU,ADMU,0,-18,7,18,F. Serrano,2,jump shot,2018.10.06,MOA,0
3450,UP,NU,1,-3,40,0,B. Akhuetie,2,lay up,2018.10.07,SAC,2
3451,UP,NU,1,9,9,0,B. Akhuetie,2,lay up,2018.10.07,SAC,2
3452,UP,NU,0,-30,16,10,D. Murrell,2,jump shot,2018.10.07,SAC,0
3453,UP,NU,0,24,23,0,B. Akhuetie,2,jump shot,2018.10.07,SAC,0
3454,UP,NU,0,34,18,0,B. Akhuetie,2,jump shot,2018.10.07,SAC,0
3455,UP,NU,0,56,9,18,P. Desiderio,2,jump shot,2018.10.07,SAC,0
3456,UP,NU,0,22,70,1,Ju. Gomez de Liaño,3,jump shot,2018.10.07,SAC,0
3457,UP,NU,0,-16,14,18,P. Desiderio,2,jump shot,2018.10.07,SAC,0
3458,UP,NU,1,21,11,18,P. Desiderio,2,lay up,2018.10.07,SAC,2
3459,UP,NU,0,-3,27,18,P. Desiderio,2,jump shot,2018.10.07,SAC,0
3460,UP,NU,0,22,3,10,D. Murrell,2,jump shot,2018.10.07,SAC,0
3461,UP,NU,1,14,4,6,Ja. Gomez de Liaño,2,lay up,2018.10.07,SAC,2
3462,UP,NU,0,-14,6,6,Ja. Gomez de Liaño,2,jump shot,2018.10.07,SAC,0
3463,UP,NU,1,0,2,0,B. Akhuetie,2,tip in,2018.10.07,SAC,2
3464,UP,NU,1,-7,7,0,B. Akhuetie,2,jump shot,2018.10.07,SAC,2
3465,UP,NU,1,19,11,6,Ja. Gomez de Liaño,2,jump shot,2018.10.07,SAC,2
3466,UP,NU,0,38,35,1,Ju. Gomez de Liaño,2,jump shot,2018.10.07,SAC,0
3467,UP,NU,1,46,57,5,D. Dario,3,jump shot,2018.10.07,SAC,3
3468,UP,NU,0,-34,72,6,Ja. Gomez de Liaño,3,jump shot,2018.10.07,SAC,0
3469,UP,NU,0,-7,14,18,P. Desiderio,2,jump shot,2018.10.07,SAC,0
3470,UP,NU,0,13,13,6,Ja. Gomez de Liaño,2,jump shot,2018.10.07,SAC,0
3471,UP,NU,1,12,79,5,D. Dario,3,jump shot,2018.10.07,SAC,3
3472,UP,NU,1,-15,8,6,Ja. Gomez de Liaño,2,lay up,2018.10.07,SAC,2
3473,UP,NU,1,67,27,1,Ju. Gomez de Liaño,3,jump shot,2018.10.07,SAC,3
3474,UP,NU,0,-36,55,1,Ju. Gomez de Liaño,2,jump shot,2018.10.07,SAC,0
3475,UP,NU,0,67,8,17,F. Jaboneta,3,jump shot,2018.10.07,SAC,0
3476,UP,NU,0,-57,40,5,D. Dario,3,jump shot,2018.10.07,SAC,0
3477,UP,NU,0,-68,3,1,Ju. Gomez de Liaño,3,jump shot,2018.10.07,SAC,0
3478,UP,NU,1,-3,10,6,Ja. Gomez de Liaño,2,jump shot,2018.10.07,SAC,2
3479,UP,NU,0,51,25,18,P. Desiderio,2,jump shot,2018.10.07,SAC,0
3480,UP,NU,0,-22,29,19,W. Gozum,2,jump shot,2018.10.07,SAC,0
3481,UP,NU,0,21,13,6,Ja. Gomez de Liaño,2,jump shot,2018.10.07,SAC,0
3482,UP,NU,1,15,5,6,Ja. Gomez de Liaño,2,jump shot,2018.10.07,SAC,2
3483,UP,NU,1,55,45,18,P. Desiderio,3,jump shot,2018.10.07,SAC,3
3484,UP,NU,1,10,12,18,P. Desiderio,2,lay up,2018.10.07,SAC,2
3485,UP,NU,0,-20,46,18,P. Desiderio,2,jump shot,2018.10.07,SAC,0
3486,UP,NU,0,30,12,1,Ju. Gomez de Liaño,2,jump shot,2018.10.07,SAC,0
3487,UP,NU,0,66,27,6,Ja. Gomez de Liaño,3,jump shot,2018.10.07,SAC,0
3488,UP,NU,0,-68,17,6,Ja. Gomez de Liaño,3,jump shot,2018.10.07,SAC,0
3489,UP,NU,1,-15,26,6,Ja. Gomez de Liaño,2,jump shot,2018.10.07,SAC,2
3490,UP,NU,1,6,4,1,Ju. Gomez de Liaño,2,jump shot,2018.10.07,SAC,2
3491,UP,NU,0,-12,32,18,P. Desiderio,2,jump shot,2018.10.07,SAC,0
3492,UP,NU,1,13,29,0,B. Akhuetie,2,jump shot,2018.10.07,SAC,2
3493,UP,NU,0,70,0,10,D. Murrell,3,jump shot,2018.10.07,SAC,0
3494,UP,NU,0,-3,6,13,J. Manzo,2,jump shot,2018.10.07,SAC,0
3495,UP,NU,1,-14,2,1,Ju. Gomez de Liaño,2,lay up,2018.10.07,SAC,2
3496,UP,NU,1,24,13,13,J. Manzo,2,jump shot,2018.10.07,SAC,2
3497,UP,NU,1,8,14,6,Ja. Gomez de Liaño,2,jump shot,2018.10.07,SAC,2
3498,UP,NU,0,-24,25,0,B. Akhuetie,2,jump shot,2018.10.07,SAC,0
3499,UP,NU,1,8,-2,1,Ju. Gomez de Liaño,2,lay up,2018.10.07,SAC,2
3500,UP,NU,1,18,-3,13,J. Manzo,2,jump shot,2018.10.07,SAC,2
3501,UP,NU,1,12,20,13,J. Manzo,2,lay up,2018.10.07,SAC,2
3502,UP,NU,0,-13,8,13,J. Manzo,2,jump shot,2018.10.07,SAC,0
3503,UP,NU,1,-11,17,0,B. Akhuetie,2,lay up,2018.10.07,SAC,2
3504,UP,NU,1,18,1,1,Ju. Gomez de Liaño,2,lay up,2018.10.07,SAC,2
3505,UP,NU,1,-16,4,6,Ja. Gomez de Liaño,2,lay up,2018.10.07,SAC,2
3506,UP,NU,1,6,24,13,J. Manzo,2,lay up,2018.10.07,SAC,2
3507,UP,NU,0,7,40,13,J. Manzo,2,jump shot,2018.10.07,SAC,0
3508,UP,NU,0,-41,65,17,F. Jaboneta,3,jump shot,2018.10.07,SAC,0
3509,UP,NU,0,36,17,6,Ja. Gomez de Liaño,2,jump shot,2018.10.07,SAC,0
3510,UP,NU,1,-14,9,1,Ju. Gomez de Liaño,2,lay up,2018.10.07,SAC,2
3511,UP,NU,1,48,65,1,Ju. Gomez de Liaño,3,jump shot,2018.10.07,SAC,3
3512,UP,NU,0,-54,44,1,Ju. Gomez de Liaño,3,jump shot,2018.10.07,SAC,0
3513,UP,NU,1,-14,5,6,Ja. Gomez de Liaño,2,lay up,2018.10.07,SAC,2
3514,UP,NU,0,-22,3,13,J. Manzo,2,jump shot,2018.10.07,SAC,0
3515,UP,NU,0,26,26,18,P. Desiderio,2,jump shot,2018.10.07,SAC,0
3516,UP,NU,1,45,60,1,Ju. Gomez de Liaño,3,jump shot,2018.10.07,SAC,3
3517,UP,NU,1,-29,67,18,P. Desiderio,3,jump shot,2018.10.07,SAC,3
3518,UP,NU,1,-46,59,18,P. Desiderio,3,jump shot,2018.10.07,SAC,3
3519,UP,NU,0,13,6,6,Ja. Gomez de Liaño,2,jump shot,2018.10.07,SAC,0
3520,UP,NU,0,68,4,6,Ja. Gomez de Liaño,3,jump shot,2018.10.07,SAC,0
3521,UP,NU,0,62,42,0,B. Akhuetie,3,jump shot,2018.10.07,SAC,0
3522,UP,NU,0,21,57,1,Ju. Gomez de Liaño,2,jump shot,2018.10.07,SAC,0
3523,UP,NU,0,-3,82,18,P. Desiderio,3,jump shot,2018.10.07,SAC,0
3524,UP,NU,0,-33,7,10,D. Murrell,2,jump shot,2018.10.07,SAC,0
3525,UP,NU,1,0,1,0,B. Akhuetie,2,tip in,2018.10.07,SAC,2
3526,UP,NU,0,6,15,1,Ju. Gomez de Liaño,2,jump shot,2018.10.07,SAC,0
3527,UP,NU,0,-14,13,6,Ja. Gomez de Liaño,2,jump shot,2018.10.07,SAC,0
3528,UP,NU,0,-23,17,0,B. Akhuetie,2,jump shot,2018.10.07,SAC,0
3529,NU,UP,0,18,53,10,I. Gaye,2,jump shot,2018.10.07,SAC,0
3530,NU,UP,1,12,5,6,J. Sinclair,2,lay up,2018.10.07,SAC,2
3531,NU,UP,0,-19,78,1,D. Ildefonso,3,jump shot,2018.10.07,SAC,0
3532,NU,UP,1,-1,78,6,J. Sinclair,3,jump shot,2018.10.07,SAC,3
3533,NU,UP,1,-13,5,23,R. Morido,2,jump shot,2018.10.07,SAC,2
3534,NU,UP,0,52,47,23,R. Morido,3,jump shot,2018.10.07,SAC,0
3535,NU,UP,1,8,7,5,A. Diputado,2,jump shot,2018.10.07,SAC,2
3536,NU,UP,1,14,4,6,J. Sinclair,2,lay up,2018.10.07,SAC,2
3537,NU,UP,0,46,52,21,T. Rike,3,jump shot,2018.10.07,SAC,0
3538,NU,UP,0,20,17,9,J. Clemente,2,jump shot,2018.10.07,SAC,0
3539,NU,UP,1,-21,12,0,S. Ildefonso,2,jump shot,2018.10.07,SAC,2
3540,NU,UP,0,-31,20,21,T. Rike,2,jump shot,2018.10.07,SAC,0
3541,NU,UP,1,-55,27,9,J. Clemente,2,jump shot,2018.10.07,SAC,2
3542,NU,UP,0,35,-5,9,J. Clemente,2,jump shot,2018.10.07,SAC,0
3543,NU,UP,0,-17,5,0,S. Ildefonso,2,jump shot,2018.10.07,SAC,0
3544,NU,UP,0,-39,60,9,J. Clemente,3,jump shot,2018.10.07,SAC,0
3545,NU,UP,0,10,18,8,A. Joson,2,jump shot,2018.10.07,SAC,0
3546,NU,UP,0,-33,55,1,D. Ildefonso,2,jump shot,2018.10.07,SAC,0
3547,NU,UP,0,-2,46,19,J. Gallego,2,jump shot,2018.10.07,SAC,0
3548,NU,UP,0,19,13,19,J. Gallego,2,jump shot,2018.10.07,SAC,0
3549,NU,UP,1,5,8,19,J. Gallego,2,jump shot,2018.10.07,SAC,2
3550,NU,UP,1,-17,9,6,J. Sinclair,2,jump shot,2018.10.07,SAC,2
3551,NU,UP,0,-61,48,15,D. Yu,3,jump shot,2018.10.07,SAC,0
3552,NU,UP,0,-9,16,1,D. Ildefonso,2,jump shot,2018.10.07,SAC,0
3553,NU,UP,1,-9,10,1,D. Ildefonso,2,jump shot,2018.10.07,SAC,2
3554,NU,UP,1,10,3,1,D. Ildefonso,2,jump shot,2018.10.07,SAC,2
3555,NU,UP,1,-6,13,6,J. Sinclair,2,lay up,2018.10.07,SAC,2
3556,NU,UP,0,1,22,19,J. Gallego,2,jump shot,2018.10.07,SAC,0
3557,NU,UP,0,-5,23,0,S. Ildefonso,2,jump shot,2018.10.07,SAC,0
3558,NU,UP,1,15,55,19,J. Gallego,2,jump shot,2018.10.07,SAC,2
3559,NU,UP,1,-16,23,10,I. Gaye,2,jump shot,2018.10.07,SAC,2
3560,NU,UP,0,-31,12,1,D. Ildefonso,2,jump shot,2018.10.07,SAC,0
3561,NU,UP,0,21,27,1,D. Ildefonso,2,jump shot,2018.10.07,SAC,0
3562,NU,UP,1,3,14,1,D. Ildefonso,2,lay up,2018.10.07,SAC,2
3563,NU,UP,0,26,8,5,A. Diputado,2,jump shot,2018.10.07,SAC,0
3564,NU,UP,0,10,56,10,I. Gaye,2,jump shot,2018.10.07,SAC,0
3565,NU,UP,0,-28,8,23,R. Morido,2,jump shot,2018.10.07,SAC,0
3566,NU,UP,0,47,35,21,T. Rike,2,jump shot,2018.10.07,SAC,0
3567,NU,UP,0,3,42,1,D. Ildefonso,2,jump shot,2018.10.07,SAC,0
3568,NU,UP,1,-14,9,1,D. Ildefonso,2,lay up,2018.10.07,SAC,2
3569,NU,UP,0,-52,47,1,D. Ildefonso,3,jump shot,2018.10.07,SAC,0
3570,NU,UP,0,69,21,15,D. Yu,3,jump shot,2018.10.07,SAC,0
3571,NU,UP,1,35,64,1,D. Ildefonso,3,jump shot,2018.10.07,SAC,3
3572,NU,UP,0,-11,23,0,S. Ildefonso,2,jump shot,2018.10.07,SAC,0
3573,NU,UP,0,-36,44,19,J. Gallego,2,jump shot,2018.10.07,SAC,0
3574,NU,UP,0,-23,35,0,S. Ildefonso,2,jump shot,2018.10.07,SAC,0
3575,NU,UP,0,3,18,0,S. Ildefonso,2,jump shot,2018.10.07,SAC,0
3576,NU,UP,1,11,6,0,S. Ildefonso,2,lay up,2018.10.07,SAC,2
3577,NU,UP,1,-15,23,19,J. Gallego,2,lay up,2018.10.07,SAC,2
3578,NU,UP,0,15,29,19,J. Gallego,2,jump shot,2018.10.07,SAC,0
3579,NU,UP,1,0,2,19,J. Gallego,2,tip in,2018.10.07,SAC,2
3580,NU,UP,1,13,78,19,J. Gallego,3,jump shot,2018.10.07,SAC,3
3581,NU,UP,0,-30,13,19,J. Gallego,2,jump shot,2018.10.07,SAC,0
3582,NU,UP,1,61,37,9,J. Clemente,3,jump shot,2018.10.07,SAC,3
3583,NU,UP,0,11,27,9,J. Clemente,2,jump shot,2018.10.07,SAC,0
3584,NU,UP,1,12,14,0,S. Ildefonso,2,lay up,2018.10.07,SAC,2
3585,NU,UP,1,54,56,9,J. Clemente,3,jump shot,2018.10.07,SAC,3
3586,NU,UP,0,64,35,9,J. Clemente,3,jump shot,2018.10.07,SAC,0
3587,NU,UP,1,20,40,10,I. Gaye,2,jump shot,2018.10.07,SAC,2
3588,NU,UP,0,57,46,9,J. Clemente,3,jump shot,2018.10.07,SAC,0
3589,NU,UP,0,-6,21,10,I. Gaye,2,jump shot,2018.10.07,SAC,0
3590,NU,UP,1,5,22,10,I. Gaye,2,jump shot,2018.10.07,SAC,2
3591,NU,UP,1,27,6,10,I. Gaye,2,jump shot,2018.10.07,SAC,2
3592,NU,UP,0,2,37,19,J. Gallego,2,jump shot,2018.10.07,SAC,0
3593,NU,UP,1,1,1,10,I. Gaye,2,dunk,2018.10.07,SAC,2
3594,NU,UP,0,43,67,9,J. Clemente,3,jump shot,2018.10.07,SAC,0
3595,NU,UP,1,-12,8,21,T. Rike,2,lay up,2018.10.07,SAC,2
3596,NU,UP,0,20,16,10,I. Gaye,2,jump shot,2018.10.07,SAC,0
3597,NU,UP,0,-13,34,21,T. Rike,2,jump shot,2018.10.07,SAC,0
3598,NU,UP,1,-20,10,21,T. Rike,2,jump shot,2018.10.07,SAC,2
3599,NU,UP,0,-4,17,1,D. Ildefonso,2,jump shot,2018.10.07,SAC,0
3600,NU,UP,0,-56,43,19,J. Gallego,3,jump shot,2018.10.07,SAC,0
3601,NU,UP,1,71,24,1,D. Ildefonso,3,jump shot,2018.10.07,SAC,3
3602,NU,UP,1,4,7,0,S. Ildefonso,2,jump shot,2018.10.07,SAC,2
3603,ADU,FEU,0,45,45,2,J. Ahanmisi,2,jump shot,2018.10.07,SAC,0
3604,ADU,FEU,0,43,41,1,S. Manganti,2,jump shot,2018.10.07,SAC,0
3605,ADU,FEU,0,-51,24,2,J. Ahanmisi,2,jump shot,2018.10.07,SAC,0
3606,ADU,FEU,0,19,16,21,P. Sarr,2,jump shot,2018.10.07,SAC,0
3607,ADU,FEU,0,-29,33,1,S. Manganti,2,jump shot,2018.10.07,SAC,0
3608,ADU,FEU,0,13,52,21,P. Sarr,2,jump shot,2018.10.07,SAC,0
3609,ADU,FEU,1,-6,13,29,V. Magbuhos,2,lay up,2018.10.07,SAC,2
3610,ADU,FEU,1,-68,2,2,J. Ahanmisi,3,jump shot,2018.10.07,SAC,3
3611,ADU,FEU,0,-31,13,21,P. Sarr,2,jump shot,2018.10.07,SAC,0
3612,ADU,FEU,1,15,8,29,V. Magbuhos,2,jump shot,2018.10.07,SAC,2
3613,ADU,FEU,0,-19,6,17,J. Colonia,2,jump shot,2018.10.07,SAC,0
3614,ADU,FEU,1,64,35,1,S. Manganti,3,jump shot,2018.10.07,SAC,3
3615,ADU,FEU,1,-32,67,1,S. Manganti,3,jump shot,2018.10.07,SAC,3
3616,ADU,FEU,0,-5,79,1,S. Manganti,3,jump shot,2018.10.07,SAC,0
3617,ADU,FEU,1,31,54,21,P. Sarr,2,jump shot,2018.10.07,SAC,2
3618,ADU,FEU,0,23,8,4,C. Catapusan,2,jump shot,2018.10.07,SAC,0
3619,ADU,FEU,0,25,74,14,J. Pingoy,3,jump shot,2018.10.07,SAC,0
3620,ADU,FEU,0,26,27,11,J. Espeleta,2,jump shot,2018.10.07,SAC,0
3621,ADU,FEU,0,-18,63,11,J. Espeleta,2,jump shot,2018.10.07,SAC,0
3622,ADU,FEU,1,40,10,7,J. Lastimosa,2,jump shot,2018.10.07,SAC,2
3623,ADU,FEU,1,-5,50,25,K. Zaldivar,2,jump shot,2018.10.07,SAC,2
3624,ADU,FEU,1,54,47,11,J. Espeleta,3,jump shot,2018.10.07,SAC,3
3625,ADU,FEU,0,47,58,1,S. Manganti,3,jump shot,2018.10.07,SAC,0
3626,ADU,FEU,1,-12,23,1,S. Manganti,2,jump shot,2018.10.07,SAC,2
3627,ADU,FEU,0,-51,49,1,S. Manganti,3,jump shot,2018.10.07,SAC,0
3628,ADU,FEU,0,-47,26,10,S. Camacho,2,jump shot,2018.10.07,SAC,0
3629,ADU,FEU,0,13,13,21,P. Sarr,2,jump shot,2018.10.07,SAC,0
3630,ADU,FEU,0,67,29,19,E. Mojica,3,jump shot,2018.10.07,SAC,0
3631,ADU,FEU,0,59,52,1,S. Manganti,3,jump shot,2018.10.07,SAC,0
3632,ADU,FEU,1,-2,10,21,P. Sarr,2,jump shot,2018.10.07,SAC,2
3633,ADU,FEU,1,-6,27,2,J. Ahanmisi,2,jump shot,2018.10.07,SAC,2
3634,ADU,FEU,1,-47,55,2,J. Ahanmisi,3,jump shot,2018.10.07,SAC,3
3635,ADU,FEU,1,-37,3,1,S. Manganti,2,jump shot,2018.10.07,SAC,2
3636,ADU,FEU,0,32,49,21,P. Sarr,2,jump shot,2018.10.07,SAC,0
3637,ADU,FEU,0,44,34,17,J. Colonia,2,jump shot,2018.10.07,SAC,0
3638,ADU,FEU,0,18,13,1,S. Manganti,2,jump shot,2018.10.07,SAC,0
3639,ADU,FEU,1,30,64,2,J. Ahanmisi,3,jump shot,2018.10.07,SAC,3
3640,ADU,FEU,0,40,66,2,J. Ahanmisi,3,jump shot,2018.10.07,SAC,0
3641,ADU,FEU,0,0,49,11,J. Espeleta,2,jump shot,2018.10.07,SAC,0
3642,ADU,FEU,1,-35,38,2,J. Ahanmisi,2,jump shot,2018.10.07,SAC,2
3643,ADU,FEU,0,69,-3,2,J. Ahanmisi,3,jump shot,2018.10.07,SAC,0
3644,ADU,FEU,0,-13,32,2,J. Ahanmisi,2,jump shot,2018.10.07,SAC,0
3645,ADU,FEU,0,56,48,14,J. Pingoy,3,jump shot,2018.10.07,SAC,0
3646,ADU,FEU,0,12,4,11,J. Espeleta,2,jump shot,2018.10.07,SAC,0
3647,ADU,FEU,1,-61,41,2,J. Ahanmisi,3,jump shot,2018.10.07,SAC,3
3648,ADU,FEU,0,68,23,11,J. Espeleta,3,jump shot,2018.10.07,SAC,0
3649,ADU,FEU,1,-15,12,10,S. Camacho,2,jump shot,2018.10.07,SAC,2
3650,ADU,FEU,0,0,76,2,J. Ahanmisi,3,jump shot,2018.10.07,SAC,0
3651,ADU,FEU,0,68,14,19,E. Mojica,3,jump shot,2018.10.07,SAC,0
3652,ADU,FEU,0,57,43,19,E. Mojica,3,jump shot,2018.10.07,SAC,0
3653,ADU,FEU,1,10,73,7,J. Lastimosa,3,jump shot,2018.10.07,SAC,3
3654,ADU,FEU,1,7,1,21,P. Sarr,2,jump shot,2018.10.07,SAC,2
3655,ADU,FEU,1,9,7,10,S. Camacho,2,lay up,2018.10.07,SAC,2
3656,ADU,FEU,1,8,53,2,J. Ahanmisi,2,jump shot,2018.10.07,SAC,2
3657,ADU,FEU,0,-60,40,1,S. Manganti,3,jump shot,2018.10.07,SAC,0
3658,ADU,FEU,1,-19,6,21,P. Sarr,2,jump shot,2018.10.07,SAC,2
3659,ADU,FEU,0,-26,35,1,S. Manganti,2,jump shot,2018.10.07,SAC,0
3660,ADU,FEU,1,-12,8,1,S. Manganti,2,lay up,2018.10.07,SAC,2
3661,ADU,FEU,0,-33,16,1,S. Manganti,2,jump shot,2018.10.07,SAC,0
3662,ADU,FEU,0,-44,58,2,J. Ahanmisi,3,jump shot,2018.10.07,SAC,0
3663,ADU,FEU,1,-20,12,10,S. Camacho,2,jump shot,2018.10.07,SAC,2
3664,ADU,FEU,1,4,13,7,J. Lastimosa,2,lay up,2018.10.07,SAC,2
3665,ADU,FEU,0,23,10,2,J. Ahanmisi,2,jump shot,2018.10.07,SAC,0
3666,ADU,FEU,1,55,2,1,S. Manganti,2,jump shot,2018.10.07,SAC,2
3667,ADU,FEU,0,-8,29,1,S. Manganti,2,jump shot,2018.10.07,SAC,0
3668,ADU,FEU,1,-34,27,1,S. Manganti,2,jump shot,2018.10.07,SAC,2
3669,ADU,FEU,0,-44,69,7,J. Lastimosa,3,jump shot,2018.10.07,SAC,0
3670,ADU,FEU,0,12,35,1,S. Manganti,2,jump shot,2018.10.07,SAC,0
3671,ADU,FEU,0,68,31,2,J. Ahanmisi,3,jump shot,2018.10.07,SAC,0
3672,ADU,FEU,1,0,1,10,S. Camacho,2,tip in,2018.10.07,SAC,2
3673,ADU,FEU,0,-44,27,10,S. Camacho,2,jump shot,2018.10.07,SAC,0
3674,ADU,FEU,0,23,15,10,S. Camacho,2,jump shot,2018.10.07,SAC,0
3675,ADU,FEU,0,38,38,21,P. Sarr,2,jump shot,2018.10.07,SAC,0
3676,ADU,FEU,0,37,6,1,S. Manganti,2,jump shot,2018.10.07,SAC,0
3677,ADU,FEU,0,17,16,2,J. Ahanmisi,2,jump shot,2018.10.07,SAC,0
3678,ADU,FEU,0,-43,60,1,S. Manganti,3,jump shot,2018.10.07,SAC,0
3679,ADU,FEU,0,6,33,1,S. Manganti,2,jump shot,2018.10.07,SAC,0
3680,ADU,FEU,0,46,56,1,S. Manganti,3,jump shot,2018.10.07,SAC,0
3681,ADU,FEU,0,-34,66,2,J. Ahanmisi,3,jump shot,2018.10.07,SAC,0
3682,FEU,ADU,0,15,12,10,W. Comboy,2,jump shot,2018.10.07,SAC,0
3683,FEU,ADU,0,-10,15,10,W. Comboy,2,jump shot,2018.10.07,SAC,0
3684,FEU,ADU,0,30,10,17,P. Orizu,2,jump shot,2018.10.07,SAC,0
3685,FEU,ADU,1,21,41,3,J. Parker,2,jump shot,2018.10.07,SAC,2
3686,FEU,ADU,1,4,14,21,R. Escoto,2,lay up,2018.10.07,SAC,2
3687,FEU,ADU,0,-13,14,3,J. Parker,2,jump shot,2018.10.07,SAC,0
3688,FEU,ADU,0,6,74,20,K. Tuffin,3,jump shot,2018.10.07,SAC,0
3689,FEU,ADU,0,69,25,20,K. Tuffin,3,jump shot,2018.10.07,SAC,0
3690,FEU,ADU,0,-37,35,3,J. Parker,2,jump shot,2018.10.07,SAC,0
3691,FEU,ADU,1,-14,6,41,A. Tolentino,2,jump shot,2018.10.07,SAC,2
3692,FEU,ADU,0,-37,27,3,J. Parker,2,jump shot,2018.10.07,SAC,0
3693,FEU,ADU,0,1,51,10,W. Comboy,2,jump shot,2018.10.07,SAC,0
3694,FEU,ADU,0,-18,33,9,H. Cani,2,jump shot,2018.10.07,SAC,0
3695,FEU,ADU,1,0,1,20,K. Tuffin,2,tip in,2018.10.07,SAC,2
3696,FEU,ADU,0,35,65,5,A. Inigo,3,jump shot,2018.10.07,SAC,0
3697,FEU,ADU,1,-29,74,41,A. Tolentino,3,jump shot,2018.10.07,SAC,3
3698,FEU,ADU,1,15,6,41,A. Tolentino,2,jump shot,2018.10.07,SAC,2
3699,FEU,ADU,1,-20,6,8,B. Ebona,2,jump shot,2018.10.07,SAC,2
3700,FEU,ADU,0,20,17,41,A. Tolentino,2,jump shot,2018.10.07,SAC,0
3701,FEU,ADU,0,47,9,41,A. Tolentino,2,jump shot,2018.10.07,SAC,0
3702,FEU,ADU,1,-11,15,8,B. Ebona,2,jump shot,2018.10.07,SAC,2
3703,FEU,ADU,0,68,5,10,W. Comboy,3,jump shot,2018.10.07,SAC,0
3704,FEU,ADU,1,-35,50,10,W. Comboy,2,jump shot,2018.10.07,SAC,2
3705,FEU,ADU,1,-40,60,9,H. Cani,3,jump shot,2018.10.07,SAC,3
3706,FEU,ADU,0,32,74,5,A. Inigo,3,jump shot,2018.10.07,SAC,0
3707,FEU,ADU,1,0,57,13,L. Gonzales,2,jump shot,2018.10.07,SAC,2
3708,FEU,ADU,0,23,22,10,W. Comboy,2,jump shot,2018.10.07,SAC,0
3709,FEU,ADU,1,-3,73,13,L. Gonzales,3,jump shot,2018.10.07,SAC,3
3710,FEU,ADU,0,-34,36,3,J. Parker,2,jump shot,2018.10.07,SAC,0
3711,FEU,ADU,1,-7,35,10,W. Comboy,2,lay up,2018.10.07,SAC,2
3712,FEU,ADU,0,23,10,41,A. Tolentino,2,jump shot,2018.10.07,SAC,0
3713,FEU,ADU,0,5,22,41,A. Tolentino,2,jump shot,2018.10.07,SAC,0
3714,FEU,ADU,1,0,27,41,A. Tolentino,2,jump shot,2018.10.07,SAC,2
3715,FEU,ADU,0,57,50,9,H. Cani,3,jump shot,2018.10.07,SAC,0
3716,FEU,ADU,1,-29,20,8,B. Ebona,2,jump shot,2018.10.07,SAC,2
3717,FEU,ADU,1,5,8,9,H. Cani,2,jump shot,2018.10.07,SAC,2
3718,FEU,ADU,1,-8,10,9,H. Cani,2,lay up,2018.10.07,SAC,2
3719,FEU,ADU,1,9,21,10,W. Comboy,2,jump shot,2018.10.07,SAC,2
3720,FEU,ADU,1,23,21,21,R. Escoto,2,jump shot,2018.10.07,SAC,2
3721,FEU,ADU,1,-1,45,10,W. Comboy,2,jump shot,2018.10.07,SAC,2
3722,FEU,ADU,0,-68,-3,20,K. Tuffin,3,jump shot,2018.10.07,SAC,0
3723,FEU,ADU,0,-55,37,21,R. Escoto,2,jump shot,2018.10.07,SAC,0
3724,FEU,ADU,1,13,59,10,W. Comboy,2,jump shot,2018.10.07,SAC,2
3725,FEU,ADU,0,-61,19,21,R. Escoto,2,jump shot,2018.10.07,SAC,0
3726,FEU,ADU,0,12,25,3,J. Parker,2,jump shot,2018.10.07,SAC,0
3727,FEU,ADU,1,-53,47,3,J. Parker,3,jump shot,2018.10.07,SAC,3
3728,FEU,ADU,1,20,5,13,L. Gonzales,2,jump shot,2018.10.07,SAC,2
3729,FEU,ADU,1,-5,13,41,A. Tolentino,2,jump shot,2018.10.07,SAC,2
3730,FEU,ADU,1,13,69,41,A. Tolentino,3,jump shot,2018.10.07,SAC,3
3731,FEU,ADU,0,-8,7,13,L. Gonzales,2,jump shot,2018.10.07,SAC,0
3732,FEU,ADU,1,9,7,17,P. Orizu,2,jump shot,2018.10.07,SAC,2
3733,FEU,ADU,0,-5,34,13,L. Gonzales,2,jump shot,2018.10.07,SAC,0
3734,FEU,ADU,1,58,49,9,H. Cani,3,jump shot,2018.10.07,SAC,3
3735,FEU,ADU,0,43,24,13,L. Gonzales,2,jump shot,2018.10.07,SAC,0
3736,FEU,ADU,0,51,54,10,W. Comboy,3,jump shot,2018.10.07,SAC,0
3737,FEU,ADU,1,32,24,9,H. Cani,2,jump shot,2018.10.07,SAC,2
3738,FEU,ADU,0,58,50,41,A. Tolentino,3,jump shot,2018.10.07,SAC,0
3739,FEU,ADU,0,13,17,41,A. Tolentino,2,jump shot,2018.10.07,SAC,0
3740,FEU,ADU,1,0,2,17,P. Orizu,2,tip in,2018.10.07,SAC,2
3741,FEU,ADU,0,8,38,41,A. Tolentino,2,jump shot,2018.10.07,SAC,0
3742,FEU,ADU,0,-19,80,10,W. Comboy,3,jump shot,2018.10.07,SAC,0
3743,FEU,ADU,1,26,11,41,A. Tolentino,2,jump shot,2018.10.07,SAC,2
3744,FEU,ADU,1,30,16,41,A. Tolentino,2,jump shot,2018.10.07,SAC,2
3745,FEU,ADU,0,-22,49,9,H. Cani,2,jump shot,2018.10.07,SAC,0
3746,FEU,ADU,0,43,45,9,H. Cani,2,jump shot,2018.10.07,SAC,0
3747,FEU,ADU,0,-70,4,10,W. Comboy,3,jump shot,2018.10.07,SAC,0
3748,FEU,ADU,1,19,37,10,W. Comboy,2,jump shot,2018.10.07,SAC,2
3749,FEU,ADU,0,-37,35,13,L. Gonzales,2,jump shot,2018.10.07,SAC,0
3750,FEU,ADU,0,38,63,10,W. Comboy,3,jump shot,2018.10.07,SAC,0
3751,FEU,ADU,1,-9,6,21,R. Escoto,2,jump shot,2018.10.07,SAC,2
3752,FEU,ADU,0,50,110,9,H. Cani,3,jump shot,2018.10.07,SAC,0
3753,FEU,ADU,0,30,24,21,R. Escoto,2,jump shot,2018.10.07,SAC,0
3754,FEU,ADU,0,-38,42,3,J. Parker,2,jump shot,2018.10.07,SAC,0
3755,FEU,ADU,1,-42,34,9,H. Cani,2,jump shot,2018.10.07,SAC,2
3756,FEU,ADU,0,-28,7,9,H. Cani,2,jump shot,2018.10.07,SAC,0
3757,FEU,ADU,0,-12,7,10,W. Comboy,2,jump shot,2018.10.07,SAC,0
3758,FEU,ADU,0,-31,29,9,H. Cani,2,jump shot,2018.10.07,SAC,0
3759,FEU,ADU,1,14,15,8,B. Ebona,2,lay up,2018.10.07,SAC,2
3760,UST,FEU,1,-9,21,6,M. Lee,2,lay up,2018.10.14,MOA,2
3761,UST,FEU,1,33,15,13,Z. Huang,2,jump shot,2018.10.14,MOA,2
3762,UST,FEU,1,-48,54,27,C. Cansino,3,jump shot,2018.10.14,MOA,3
3763,UST,FEU,0,20,36,11,E. Caunan,2,jump shot,2018.10.14,MOA,0
3764,UST,FEU,0,-53,44,8,K. Zamora,3,jump shot,2018.10.14,MOA,0
3765,UST,FEU,0,69,14,8,K. Zamora,3,jump shot,2018.10.14,MOA,0
3766,UST,FEU,0,-71,4,6,M. Lee,3,jump shot,2018.10.14,MOA,0
3767,UST,FEU,1,-3,8,16,N. Consejo,2,jump shot,2018.10.14,MOA,2
3768,UST,FEU,1,-44,-2,26,G. Mahinay,2,jump shot,2018.10.14,MOA,2
3769,UST,FEU,1,28,2,4,M. Bonleon,2,jump shot,2018.10.14,MOA,2
3770,UST,FEU,0,38,7,26,G. Mahinay,2,jump shot,2018.10.14,MOA,0
3771,UST,FEU,1,12,10,7,J. Marcos,2,jump shot,2018.10.14,MOA,2
3772,UST,FEU,0,32,13,4,M. Bonleon,2,jump shot,2018.10.14,MOA,0
3773,UST,FEU,0,-40,19,26,G. Mahinay,2,jump shot,2018.10.14,MOA,0
3774,UST,FEU,1,36,63,5,R. Subido,3,jump shot,2018.10.14,MOA,3
3775,UST,FEU,1,48,58,2,I. Batalier,3,jump shot,2018.10.14,MOA,3
3776,UST,FEU,0,59,39,5,R. Subido,3,jump shot,2018.10.14,MOA,0
3777,UST,FEU,0,-38,37,5,R. Subido,2,jump shot,2018.10.14,MOA,0
3778,UST,FEU,0,-15,10,26,G. Mahinay,2,jump shot,2018.10.14,MOA,0
3779,UST,FEU,0,32,36,2,I. Batalier,2,jump shot,2018.10.14,MOA,0
3780,UST,FEU,0,-68,14,6,M. Lee,3,jump shot,2018.10.14,MOA,0
3781,UST,FEU,1,35,15,6,M. Lee,2,jump shot,2018.10.14,MOA,2
3782,UST,FEU,0,-32,67,6,M. Lee,3,jump shot,2018.10.14,MOA,0
3783,UST,FEU,0,23,4,11,E. Caunan,2,jump shot,2018.10.14,MOA,0
3784,UST,FEU,0,14,44,11,E. Caunan,2,jump shot,2018.10.14,MOA,0
3785,UST,FEU,1,-21,2,6,M. Lee,2,jump shot,2018.10.14,MOA,2
3786,UST,FEU,0,-33,9,11,E. Caunan,2,jump shot,2018.10.14,MOA,0
3787,UST,FEU,0,60,46,8,K. Zamora,3,jump shot,2018.10.14,MOA,0
3788,UST,FEU,0,55,57,6,M. Lee,3,jump shot,2018.10.14,MOA,0
3789,UST,FEU,0,64,32,5,R. Subido,3,jump shot,2018.10.14,MOA,0
3790,UST,FEU,0,45,59,8,K. Zamora,3,jump shot,2018.10.14,MOA,0
3791,UST,FEU,0,-18,35,13,Z. Huang,2,jump shot,2018.10.14,MOA,0
3792,UST,FEU,0,44,20,13,Z. Huang,2,jump shot,2018.10.14,MOA,0
3793,UST,FEU,0,29,83,27,C. Cansino,3,jump shot,2018.10.14,MOA,0
3794,UST,FEU,0,-50,59,8,K. Zamora,3,jump shot,2018.10.14,MOA,0
3795,UST,FEU,0,-62,40,27,C. Cansino,3,jump shot,2018.10.14,MOA,0
3796,UST,FEU,1,54,50,5,R. Subido,3,jump shot,2018.10.14,MOA,3
3797,UST,FEU,0,-54,46,5,R. Subido,3,jump shot,2018.10.14,MOA,0
3798,UST,FEU,1,-16,10,13,Z. Huang,2,jump shot,2018.10.14,MOA,2
3799,UST,FEU,1,-33,39,6,M. Lee,2,jump shot,2018.10.14,MOA,2
3800,UST,FEU,0,-52,51,5,R. Subido,3,jump shot,2018.10.14,MOA,0
3801,UST,FEU,1,-25,10,27,C. Cansino,2,jump shot,2018.10.14,MOA,2
3802,UST,FEU,0,65,33,27,C. Cansino,3,jump shot,2018.10.14,MOA,0
3803,UST,FEU,0,-40,70,6,M. Lee,3,jump shot,2018.10.14,MOA,0
3804,UST,FEU,0,68,11,27,C. Cansino,3,jump shot,2018.10.14,MOA,0
3805,UST,FEU,0,-62,33,4,M. Bonleon,3,jump shot,2018.10.14,MOA,0
3806,UST,FEU,0,-24,3,2,I. Batalier,2,jump shot,2018.10.14,MOA,0
3807,UST,FEU,0,61,44,5,R. Subido,3,jump shot,2018.10.14,MOA,0
3808,UST,FEU,1,-23,0,26,G. Mahinay,2,jump shot,2018.10.14,MOA,2
3809,UST,FEU,1,-68,17,6,M. Lee,3,jump shot,2018.10.14,MOA,3
3810,UST,FEU,1,-55,49,6,M. Lee,3,jump shot,2018.10.14,MOA,3
3811,UST,FEU,0,29,69,2,I. Batalier,3,jump shot,2018.10.14,MOA,0
3812,UST,FEU,0,38,22,5,R. Subido,2,jump shot,2018.10.14,MOA,0
3813,UST,FEU,1,-12,15,13,Z. Huang,2,jump shot,2018.10.14,MOA,2
3814,UST,FEU,0,29,52,13,Z. Huang,2,jump shot,2018.10.14,MOA,0
3815,UST,FEU,1,70,27,5,R. Subido,3,jump shot,2018.10.14,MOA,3
3816,UST,FEU,1,-11,6,26,G. Mahinay,2,jump shot,2018.10.14,MOA,2
3817,UST,FEU,0,-41,83,6,M. Lee,3,jump shot,2018.10.14,MOA,0
3818,UST,FEU,1,-4,53,13,Z. Huang,2,jump shot,2018.10.14,MOA,2
3819,UST,FEU,1,9,31,13,Z. Huang,2,jump shot,2018.10.14,MOA,2
3820,UST,FEU,1,-30,24,26,G. Mahinay,2,jump shot,2018.10.14,MOA,2
3821,UST,FEU,0,41,99,6,M. Lee,3,jump shot,2018.10.14,MOA,0
3822,UST,FEU,1,-13,33,5,R. Subido,2,jump shot,2018.10.14,MOA,2
3823,FEU,UST,0,35,14,2,A. Stockton,2,jump shot,2018.10.14,MOA,0
3824,FEU,UST,1,8,4,17,P. Orizu,2,jump shot,2018.10.14,MOA,2
3825,FEU,UST,0,40,49,3,J. Parker,2,jump shot,2018.10.14,MOA,0
3826,FEU,UST,1,16,3,17,P. Orizu,2,jump shot,2018.10.14,MOA,2
3827,FEU,UST,1,9,13,21,R. Escoto,2,jump shot,2018.10.14,MOA,2
3828,FEU,UST,0,52,27,3,J. Parker,2,jump shot,2018.10.14,MOA,0
3829,FEU,UST,0,69,7,10,W. Comboy,3,jump shot,2018.10.14,MOA,0
3830,FEU,UST,0,19,10,2,A. Stockton,2,jump shot,2018.10.14,MOA,0
3831,FEU,UST,1,-11,3,17,P. Orizu,2,dunk,2018.10.14,MOA,2
3832,FEU,UST,1,-34,35,21,R. Escoto,2,jump shot,2018.10.14,MOA,2
3833,FEU,UST,0,-49,54,10,W. Comboy,3,jump shot,2018.10.14,MOA,0
3834,FEU,UST,0,23,18,41,A. Tolentino,2,jump shot,2018.10.14,MOA,0
3835,FEU,UST,1,9,13,17,P. Orizu,2,jump shot,2018.10.14,MOA,2
3836,FEU,UST,0,19,60,9,H. Cani,2,jump shot,2018.10.14,MOA,0
3837,FEU,UST,0,-33,47,9,H. Cani,2,jump shot,2018.10.14,MOA,0
3838,FEU,UST,1,28,7,8,B. Ebona,2,jump shot,2018.10.14,MOA,2
3839,FEU,UST,1,-23,33,0,K. Bayquin,2,jump shot,2018.10.14,MOA,2
3840,FEU,UST,0,23,8,9,H. Cani,2,jump shot,2018.10.14,MOA,0
3841,FEU,UST,1,-15,18,8,B. Ebona,2,jump shot,2018.10.14,MOA,2
3842,FEU,UST,0,15,74,0,K. Bayquin,3,jump shot,2018.10.14,MOA,0
3843,FEU,UST,0,-44,52,13,L. Gonzales,2,jump shot,2018.10.14,MOA,0
3844,FEU,UST,0,54,53,41,A. Tolentino,3,jump shot,2018.10.14,MOA,0
3845,FEU,UST,0,-15,5,0,K. Bayquin,2,jump shot,2018.10.14,MOA,0
3846,FEU,UST,0,-22,12,13,L. Gonzales,2,jump shot,2018.10.14,MOA,0
3847,FEU,UST,0,-10,28,10,W. Comboy,2,jump shot,2018.10.14,MOA,0
3848,FEU,UST,0,31,22,0,K. Bayquin,2,jump shot,2018.10.14,MOA,0
3849,FEU,UST,0,-3,35,10,W. Comboy,2,jump shot,2018.10.14,MOA,0
3850,FEU,UST,0,-52,17,10,W. Comboy,2,jump shot,2018.10.14,MOA,0
3851,FEU,UST,0,21,9,3,J. Parker,2,jump shot,2018.10.14,MOA,0
3852,FEU,UST,0,-13,23,21,R. Escoto,2,jump shot,2018.10.14,MOA,0
3853,FEU,UST,0,-13,20,17,P. Orizu,2,jump shot,2018.10.14,MOA,0
3854,FEU,UST,0,-1,12,21,R. Escoto,2,jump shot,2018.10.14,MOA,0
3855,FEU,UST,0,15,10,3,J. Parker,2,jump shot,2018.10.14,MOA,0
3856,FEU,UST,0,10,22,17,P. Orizu,2,jump shot,2018.10.14,MOA,0
3857,FEU,UST,1,-15,17,21,R. Escoto,2,jump shot,2018.10.14,MOA,2
3858,FEU,UST,1,-11,10,3,J. Parker,2,jump shot,2018.10.14,MOA,2
3859,FEU,UST,1,-20,2,8,B. Ebona,2,lay up,2018.10.14,MOA,2
3860,FEU,UST,0,-2,23,9,H. Cani,2,jump shot,2018.10.14,MOA,0
3861,FEU,UST,1,0,5,2,A. Stockton,2,jump shot,2018.10.14,MOA,2
3862,FEU,UST,1,3,15,2,A. Stockton,2,jump shot,2018.10.14,MOA,2
3863,FEU,UST,1,-31,11,2,A. Stockton,2,jump shot,2018.10.14,MOA,2
3864,FEU,UST,1,-13,12,13,L. Gonzales,2,lay up,2018.10.14,MOA,2
3865,FEU,UST,1,12,12,21,R. Escoto,2,jump shot,2018.10.14,MOA,2
3866,FEU,UST,0,-16,3,3,J. Parker,2,jump shot,2018.10.14,MOA,0
3867,FEU,UST,0,-67,0,10,W. Comboy,3,jump shot,2018.10.14,MOA,0
3868,FEU,UST,0,50,44,3,J. Parker,2,jump shot,2018.10.14,MOA,0
3869,FEU,UST,0,22,22,17,P. Orizu,2,jump shot,2018.10.14,MOA,0
3870,FEU,UST,1,13,5,21,R. Escoto,2,jump shot,2018.10.14,MOA,2
3871,FEU,UST,0,-28,9,3,J. Parker,2,jump shot,2018.10.14,MOA,0
3872,FEU,UST,0,61,38,10,W. Comboy,3,jump shot,2018.10.14,MOA,0
3873,FEU,UST,1,-7,6,21,R. Escoto,2,jump shot,2018.10.14,MOA,2
3874,FEU,UST,1,36,8,9,H. Cani,2,jump shot,2018.10.14,MOA,2
3875,FEU,UST,1,-21,11,9,H. Cani,2,jump shot,2018.10.14,MOA,2
3876,FEU,UST,0,0,11,5,A. Inigo,2,jump shot,2018.10.14,MOA,0
3877,FEU,UST,0,-60,56,9,H. Cani,3,jump shot,2018.10.14,MOA,0
3878,FEU,UST,1,38,49,5,A. Inigo,2,jump shot,2018.10.14,MOA,2
3879,FEU,UST,0,35,67,13,L. Gonzales,3,jump shot,2018.10.14,MOA,0
3880,FEU,UST,1,9,5,13,L. Gonzales,2,lay up,2018.10.14,MOA,2
3881,FEU,UST,0,-27,28,5,A. Inigo,2,jump shot,2018.10.14,MOA,0
3882,FEU,UST,0,-15,11,21,R. Escoto,2,jump shot,2018.10.14,MOA,0
3883,FEU,UST,1,0,40,10,W. Comboy,2,jump shot,2018.10.14,MOA,2
3884,FEU,UST,0,34,25,13,L. Gonzales,2,jump shot,2018.10.14,MOA,0
3885,FEU,UST,0,-22,10,21,R. Escoto,2,jump shot,2018.10.14,MOA,0
3886,FEU,UST,0,23,12,8,B. Ebona,2,jump shot,2018.10.14,MOA,0
3887,FEU,UST,0,-47,58,10,W. Comboy,3,jump shot,2018.10.14,MOA,0
3888,FEU,UST,0,23,25,3,J. Parker,2,jump shot,2018.10.14,MOA,0
3889,FEU,UST,0,49,27,3,J. Parker,2,jump shot,2018.10.14,MOA,0
3890,FEU,UST,1,-37,69,41,A. Tolentino,3,jump shot,2018.10.14,MOA,3
3891,FEU,UST,1,-4,76,41,A. Tolentino,3,jump shot,2018.10.14,MOA,3
3892,FEU,UST,1,0,22,41,A. Tolentino,2,jump shot,2018.10.14,MOA,2
3893,FEU,UST,0,51,67,41,A. Tolentino,3,jump shot,2018.10.14,MOA,0
3894,FEU,UST,1,-13,8,9,H. Cani,2,jump shot,2018.10.14,MOA,2
3895,FEU,UST,0,43,36,10,W. Comboy,2,jump shot,2018.10.14,MOA,0
3896,FEU,UST,0,7,15,13,L. Gonzales,2,jump shot,2018.10.14,MOA,0
3897,FEU,UST,1,41,64,10,W. Comboy,3,jump shot,2018.10.14,MOA,3
3898,FEU,UST,1,21,7,13,L. Gonzales,2,lay up,2018.10.14,MOA,2
3899,FEU,UST,0,-53,49,13,L. Gonzales,3,jump shot,2018.10.14,MOA,0
3900,ADMU,UP,0,11,22,34,A. Kouame,2,jump shot,2018.10.14,MOA,0
3901,ADMU,UP,0,-7,14,34,A. Kouame,2,jump shot,2018.10.14,MOA,0
3902,ADMU,UP,0,43,61,0,T. Ravena,3,jump shot,2018.10.14,MOA,0
3903,ADMU,UP,0,-21,18,4,A. Asistio,2,jump shot,2018.10.14,MOA,0
3904,ADMU,UP,0,54,50,19,T. Tio,3,jump shot,2018.10.14,MOA,0
3905,ADMU,UP,0,39,17,34,A. Kouame,2,jump shot,2018.10.14,MOA,0
3906,ADMU,UP,0,30,24,0,T. Ravena,2,jump shot,2018.10.14,MOA,0
3907,ADMU,UP,1,19,2,34,A. Kouame,2,jump shot,2018.10.14,MOA,2
3908,ADMU,UP,0,4,20,0,T. Ravena,2,jump shot,2018.10.14,MOA,0
3909,ADMU,UP,0,-32,8,0,T. Ravena,2,jump shot,2018.10.14,MOA,0
3910,ADMU,UP,0,-14,5,0,T. Ravena,2,jump shot,2018.10.14,MOA,0
3911,ADMU,UP,1,15,12,0,T. Ravena,2,lay up,2018.10.14,MOA,2
3912,ADMU,UP,0,33,9,0,T. Ravena,2,jump shot,2018.10.14,MOA,0
3913,ADMU,UP,0,-17,71,4,A. Asistio,3,jump shot,2018.10.14,MOA,0
3914,ADMU,UP,1,47,54,22,R. Verano,3,jump shot,2018.10.14,MOA,3
3915,ADMU,UP,0,23,63,22,R. Verano,2,jump shot,2018.10.14,MOA,0
3916,ADMU,UP,1,59,46,19,T. Tio,3,jump shot,2018.10.14,MOA,3
3917,ADMU,UP,1,-17,5,0,T. Ravena,2,jump shot,2018.10.14,MOA,2
3918,ADMU,UP,0,58,42,27,S. Belangel,3,jump shot,2018.10.14,MOA,0
3919,ADMU,UP,0,-8,29,22,R. Verano,2,jump shot,2018.10.14,MOA,0
3920,ADMU,UP,1,-30,47,27,S. Belangel,2,jump shot,2018.10.14,MOA,2
3921,ADMU,UP,1,-2,20,22,R. Verano,2,lay up,2018.10.14,MOA,2
3922,ADMU,UP,0,-28,40,13,W. Navarro,2,jump shot,2018.10.14,MOA,0
3923,ADMU,UP,1,-43,13,27,S. Belangel,2,jump shot,2018.10.14,MOA,2
3924,ADMU,UP,0,-11,19,27,S. Belangel,2,jump shot,2018.10.14,MOA,0
3925,ADMU,UP,1,14,13,5,G. Mamuyac,2,lay up,2018.10.14,MOA,2
3926,ADMU,UP,1,47,59,5,G. Mamuyac,3,jump shot,2018.10.14,MOA,3
3927,ADMU,UP,0,0,48,11,I. Go,2,jump shot,2018.10.14,MOA,0
3928,ADMU,UP,1,8,7,19,T. Tio,2,lay up,2018.10.14,MOA,2
3929,ADMU,UP,0,-36,22,22,R. Verano,2,jump shot,2018.10.14,MOA,0
3930,ADMU,UP,0,-49,9,4,A. Asistio,2,jump shot,2018.10.14,MOA,0
3931,ADMU,UP,1,-26,20,22,R. Verano,2,jump shot,2018.10.14,MOA,2
3932,ADMU,UP,1,-1,18,0,T. Ravena,2,jump shot,2018.10.14,MOA,2
3933,ADMU,UP,1,6,13,19,T. Tio,2,lay up,2018.10.14,MOA,2
3934,ADMU,UP,0,-14,61,0,T. Ravena,2,jump shot,2018.10.14,MOA,0
3935,ADMU,UP,1,17,51,10,J. Mendoza,2,jump shot,2018.10.14,MOA,2
3936,ADMU,UP,0,-10,8,13,W. Navarro,2,jump shot,2018.10.14,MOA,0
3937,ADMU,UP,0,-50,60,13,W. Navarro,3,jump shot,2018.10.14,MOA,0
3938,ADMU,UP,0,21,13,22,R. Verano,2,jump shot,2018.10.14,MOA,0
3939,ADMU,UP,1,15,14,19,T. Tio,2,jump shot,2018.10.14,MOA,2
3940,ADMU,UP,0,-26,14,19,T. Tio,2,jump shot,2018.10.14,MOA,0
3941,ADMU,UP,1,-15,11,4,A. Asistio,2,jump shot,2018.10.14,MOA,2
3942,ADMU,UP,1,-7,8,0,T. Ravena,2,lay up,2018.10.14,MOA,2
3943,ADMU,UP,0,65,29,22,R. Verano,3,jump shot,2018.10.14,MOA,0
3944,ADMU,UP,1,-38,63,4,A. Asistio,3,jump shot,2018.10.14,MOA,3
3945,ADMU,UP,0,-31,68,34,A. Kouame,3,jump shot,2018.10.14,MOA,0
3946,ADMU,UP,0,16,80,34,A. Kouame,3,jump shot,2018.10.14,MOA,0
3947,ADMU,UP,1,-6,18,22,R. Verano,2,jump shot,2018.10.14,MOA,2
3948,ADMU,UP,1,-57,51,10,J. Mendoza,3,jump shot,2018.10.14,MOA,3
3949,ADMU,UP,0,55,56,10,J. Mendoza,3,jump shot,2018.10.14,MOA,0
3950,ADMU,UP,0,-11,118,0,T. Ravena,3,jump shot,2018.10.14,MOA,0
3951,ADMU,UP,1,-29,6,0,T. Ravena,2,jump shot,2018.10.14,MOA,2
3952,ADMU,UP,0,-15,27,0,T. Ravena,2,jump shot,2018.10.14,MOA,0
3953,ADMU,UP,1,-17,23,0,T. Ravena,2,jump shot,2018.10.14,MOA,2
3954,ADMU,UP,1,62,32,10,J. Mendoza,3,jump shot,2018.10.14,MOA,3
3955,ADMU,UP,0,-14,79,11,I. Go,3,jump shot,2018.10.14,MOA,0
3956,ADMU,UP,0,-23,18,10,J. Mendoza,2,jump shot,2018.10.14,MOA,0
3957,ADMU,UP,1,0,1,11,I. Go,2,tip in,2018.10.14,MOA,2
3958,ADMU,UP,0,-28,45,0,T. Ravena,2,jump shot,2018.10.14,MOA,0
3959,ADMU,UP,0,48,33,34,A. Kouame,2,jump shot,2018.10.14,MOA,0
3960,ADMU,UP,1,13,14,34,A. Kouame,2,dunk,2018.10.14,MOA,2
3961,ADMU,UP,0,16,56,19,T. Tio,2,jump shot,2018.10.14,MOA,0
3962,ADMU,UP,1,0,1,0,T. Ravena,2,tip in,2018.10.14,MOA,2
3963,ADMU,UP,0,44,60,19,T. Tio,3,jump shot,2018.10.14,MOA,0
3964,ADMU,UP,1,0,1,34,A. Kouame,2,tip in,2018.10.14,MOA,2
3965,ADMU,UP,0,16,21,4,A. Asistio,2,jump shot,2018.10.14,MOA,0
3966,ADMU,UP,0,37,16,0,T. Ravena,2,jump shot,2018.10.14,MOA,0
3967,ADMU,UP,1,0,1,34,A. Kouame,2,dunk,2018.10.14,MOA,2
3968,ADMU,UP,1,0,0,0,T. Ravena,2,dunk,2018.10.14,MOA,2
3969,ADMU,UP,0,28,68,0,T. Ravena,3,jump shot,2018.10.14,MOA,0
3970,ADMU,UP,1,0,1,0,T. Ravena,2,tip in,2018.10.14,MOA,2
3971,ADMU,UP,1,55,48,19,T. Tio,3,jump shot,2018.10.14,MOA,3
3972,ADMU,UP,1,-67,34,4,A. Asistio,3,jump shot,2018.10.14,MOA,3
3973,UP,ADMU,1,-47,59,18,P. Desiderio,3,jump shot,2018.10.14,MOA,3
3974,UP,ADMU,1,-42,12,18,P. Desiderio,2,jump shot,2018.10.14,MOA,2
3975,UP,ADMU,1,-40,27,20,J. Prado,2,jump shot,2018.10.14,MOA,2
3976,UP,ADMU,0,60,47,6,Ja. Gomez de Liaño,3,jump shot,2018.10.14,MOA,0
3977,UP,ADMU,0,66,33,1,Ju. Gomez de Liaño,3,jump shot,2018.10.14,MOA,0
3978,UP,ADMU,0,21,3,19,W. Gozum,2,jump shot,2018.10.14,MOA,0
3979,UP,ADMU,0,51,52,18,P. Desiderio,3,jump shot,2018.10.14,MOA,0
3980,UP,ADMU,0,18,16,18,P. Desiderio,2,jump shot,2018.10.14,MOA,0
3981,UP,ADMU,0,-17,21,6,Ja. Gomez de Liaño,2,jump shot,2018.10.14,MOA,0
3982,UP,ADMU,1,-27,14,18,P. Desiderio,2,jump shot,2018.10.14,MOA,2
3983,UP,ADMU,1,-9,19,13,J. Manzo,2,lay up,2018.10.14,MOA,2
3984,UP,ADMU,0,-55,48,1,Ju. Gomez de Liaño,3,jump shot,2018.10.14,MOA,0
3985,UP,ADMU,1,-29,52,1,Ju. Gomez de Liaño,2,jump shot,2018.10.14,MOA,2
3986,UP,ADMU,0,48,55,17,F. Jaboneta,3,jump shot,2018.10.14,MOA,0
3987,UP,ADMU,1,17,23,15,C. Vito,2,jump shot,2018.10.14,MOA,2
3988,UP,ADMU,0,-35,40,18,P. Desiderio,2,jump shot,2018.10.14,MOA,0
3989,UP,ADMU,0,-11,25,18,P. Desiderio,2,jump shot,2018.10.14,MOA,0
3990,UP,ADMU,1,-19,18,0,B. Akhuetie,2,jump shot,2018.10.14,MOA,2
3991,UP,ADMU,0,-45,61,15,C. Vito,3,jump shot,2018.10.14,MOA,0
3992,UP,ADMU,1,7,22,13,J. Manzo,2,jump shot,2018.10.14,MOA,2
3993,UP,ADMU,0,68,8,17,F. Jaboneta,3,jump shot,2018.10.14,MOA,0
3994,UP,ADMU,1,-11,7,0,B. Akhuetie,2,jump shot,2018.10.14,MOA,2
3995,UP,ADMU,1,-7,10,6,Ja. Gomez de Liaño,2,lay up,2018.10.14,MOA,2
3996,UP,ADMU,0,33,74,18,P. Desiderio,3,jump shot,2018.10.14,MOA,0
3997,UP,ADMU,0,-46,44,1,Ju. Gomez de Liaño,2,jump shot,2018.10.14,MOA,0
3998,UP,ADMU,1,9,16,0,B. Akhuetie,2,jump shot,2018.10.14,MOA,2
3999,UP,ADMU,0,23,8,10,D. Murrell,2,jump shot,2018.10.14,MOA,0
4000,UP,ADMU,0,-60,39,1,Ju. Gomez de Liaño,3,jump shot,2018.10.14,MOA,0
4001,UP,ADMU,0,13,7,18,P. Desiderio,2,jump shot,2018.10.14,MOA,0
4002,UP,ADMU,0,12,13,18,P. Desiderio,2,jump shot,2018.10.14,MOA,0
4003,UP,ADMU,0,18,40,3,J. Spencer,2,jump shot,2018.10.14,MOA,0
4004,UP,ADMU,0,-54,51,18,P. Desiderio,3,jump shot,2018.10.14,MOA,0
4005,UP,ADMU,1,8,5,0,B. Akhuetie,2,jump shot,2018.10.14,MOA,2
4006,UP,ADMU,1,-12,25,0,B. Akhuetie,2,lay up,2018.10.14,MOA,2
4007,UP,ADMU,0,9,32,1,Ju. Gomez de Liaño,2,jump shot,2018.10.14,MOA,0
4008,UP,ADMU,0,28,19,18,P. Desiderio,2,jump shot,2018.10.14,MOA,0
4009,UP,ADMU,1,0,2,18,P. Desiderio,2,tip in,2018.10.14,MOA,2
4010,UP,ADMU,1,-25,30,0,B. Akhuetie,2,jump shot,2018.10.14,MOA,2
4011,UP,ADMU,1,16,8,18,P. Desiderio,2,jump shot,2018.10.14,MOA,2
4012,UP,ADMU,1,0,12,13,J. Manzo,2,jump shot,2018.10.14,MOA,2
4013,UP,ADMU,1,-8,11,17,F. Jaboneta,2,jump shot,2018.10.14,MOA,2
4014,UP,ADMU,0,61,3,17,F. Jaboneta,2,jump shot,2018.10.14,MOA,0
4015,UP,ADMU,1,0,2,18,P. Desiderio,2,tip in,2018.10.14,MOA,2
4016,UP,ADMU,0,36,48,1,Ju. Gomez de Liaño,2,jump shot,2018.10.14,MOA,0
4017,UP,ADMU,0,8,18,0,B. Akhuetie,2,jump shot,2018.10.14,MOA,0
4018,UP,ADMU,0,23,21,6,Ja. Gomez de Liaño,2,jump shot,2018.10.14,MOA,0
4019,UP,ADMU,0,64,28,17,F. Jaboneta,3,jump shot,2018.10.14,MOA,0
4020,UP,ADMU,0,45,58,18,P. Desiderio,3,jump shot,2018.10.14,MOA,0
4021,UP,ADMU,1,12,14,10,D. Murrell,2,jump shot,2018.10.14,MOA,2
4022,UP,ADMU,0,-43,30,1,Ju. Gomez de Liaño,2,jump shot,2018.10.14,MOA,0
4023,UP,ADMU,0,-69,11,18,P. Desiderio,3,jump shot,2018.10.14,MOA,0
4024,UP,ADMU,0,-52,47,1,Ju. Gomez de Liaño,3,jump shot,2018.10.14,MOA,0
4025,UP,ADMU,1,0,2,6,Ja. Gomez de Liaño,2,tip in,2018.10.14,MOA,2
4026,UP,ADMU,1,14,6,1,Ju. Gomez de Liaño,2,jump shot,2018.10.14,MOA,2
4027,UP,ADMU,0,-28,7,6,Ja. Gomez de Liaño,2,jump shot,2018.10.14,MOA,0
4028,UP,ADMU,0,-63,33,1,Ju. Gomez de Liaño,3,jump shot,2018.10.14,MOA,0
4029,UP,ADMU,0,-26,40,18,P. Desiderio,2,jump shot,2018.10.14,MOA,0
4030,UP,ADMU,1,-11,30,0,B. Akhuetie,2,jump shot,2018.10.14,MOA,2
4031,UP,ADMU,0,-35,12,0,B. Akhuetie,2,jump shot,2018.10.14,MOA,0
4032,UP,ADMU,1,20,9,0,B. Akhuetie,2,jump shot,2018.10.14,MOA,2
4033,UP,ADMU,0,-13,5,5,D. Dario,2,jump shot,2018.10.14,MOA,0
4034,UP,ADMU,1,57,50,5,D. Dario,3,jump shot,2018.10.14,MOA,3
4035,DLSU,UE,0,15,28,25,L. Santillian,2,jump shot,2018.10.17,MOA,0
4036,DLSU,UE,1,8,15,19,J. Baltazar,2,lay up,2018.10.17,MOA,2
4037,DLSU,UE,0,4,36,11,A. Melecio,2,jump shot,2018.10.17,MOA,0
4038,DLSU,UE,0,7,76,15,K. Montalbo,3,jump shot,2018.10.17,MOA,0
4039,DLSU,UE,1,43,8,19,J. Baltazar,2,jump shot,2018.10.17,MOA,2
4040,DLSU,UE,1,-11,22,19,J. Baltazar,2,lay up,2018.10.17,MOA,2
4041,DLSU,UE,0,-44,60,25,L. Santillian,3,jump shot,2018.10.17,MOA,0
4042,DLSU,UE,1,9,6,25,L. Santillian,2,jump shot,2018.10.17,MOA,2
4043,DLSU,UE,0,-38,40,15,K. Montalbo,2,jump shot,2018.10.17,MOA,0
4044,DLSU,UE,1,-20,9,25,L. Santillian,2,lay up,2018.10.17,MOA,2
4045,DLSU,UE,1,-7,9,25,L. Santillian,2,jump shot,2018.10.17,MOA,2
4046,DLSU,UE,0,-20,8,18,F. Serrano,2,jump shot,2018.10.17,MOA,0
4047,DLSU,UE,1,-1,34,19,J. Baltazar,2,jump shot,2018.10.17,MOA,2
4048,DLSU,UE,1,13,20,18,F. Serrano,2,lay up,2018.10.17,MOA,2
4049,DLSU,UE,0,53,52,19,J. Baltazar,3,jump shot,2018.10.17,MOA,0
4050,DLSU,UE,0,-24,22,18,F. Serrano,2,jump shot,2018.10.17,MOA,0
4051,DLSU,UE,1,-47,55,11,A. Melecio,3,jump shot,2018.10.17,MOA,3
4052,DLSU,UE,0,5,22,19,J. Baltazar,2,jump shot,2018.10.17,MOA,0
4053,DLSU,UE,0,-24,-1,18,F. Serrano,2,jump shot,2018.10.17,MOA,0
4054,DLSU,UE,0,15,13,18,F. Serrano,2,jump shot,2018.10.17,MOA,0
4055,DLSU,UE,0,13,10,16,J. Go,2,jump shot,2018.10.17,MOA,0
4056,DLSU,UE,1,-4,22,30,A. Caracut,2,jump shot,2018.10.17,MOA,2
4057,DLSU,UE,0,22,24,30,A. Caracut,2,jump shot,2018.10.17,MOA,0
4058,DLSU,UE,1,-1,40,18,F. Serrano,2,jump shot,2018.10.17,MOA,2
4059,DLSU,UE,1,-6,13,18,F. Serrano,2,lay up,2018.10.17,MOA,2
4060,DLSU,UE,0,17,6,7,M. Dyke,2,jump shot,2018.10.17,MOA,0
4061,DLSU,UE,0,-59,41,16,J. Go,3,jump shot,2018.10.17,MOA,0
4062,DLSU,UE,1,-31,66,25,L. Santillian,3,jump shot,2018.10.17,MOA,3
4063,DLSU,UE,1,6,10,30,A. Caracut,2,jump shot,2018.10.17,MOA,2
4064,DLSU,UE,0,60,42,11,A. Melecio,3,jump shot,2018.10.17,MOA,0
4065,DLSU,UE,1,-67,33,30,A. Caracut,3,jump shot,2018.10.17,MOA,3
4066,DLSU,UE,1,12,20,15,K. Montalbo,2,lay up,2018.10.17,MOA,2
4067,DLSU,UE,1,-71,16,11,A. Melecio,3,jump shot,2018.10.17,MOA,3
4068,DLSU,UE,0,-36,62,25,L. Santillian,3,jump shot,2018.10.17,MOA,0
4069,DLSU,UE,0,-6,22,25,L. Santillian,2,jump shot,2018.10.17,MOA,0
4070,DLSU,UE,1,23,9,19,J. Baltazar,2,lay up,2018.10.17,MOA,2
4071,DLSU,UE,0,11,88,11,A. Melecio,3,jump shot,2018.10.17,MOA,0
4072,DLSU,UE,0,2,31,30,A. Caracut,2,jump shot,2018.10.17,MOA,0
4073,DLSU,UE,0,4,76,15,K. Montalbo,3,jump shot,2018.10.17,MOA,0
4074,DLSU,UE,0,17,21,15,K. Montalbo,2,jump shot,2018.10.17,MOA,0
4075,DLSU,UE,0,10,60,25,L. Santillian,2,jump shot,2018.10.17,MOA,0
4076,DLSU,UE,0,-13,19,19,J. Baltazar,2,jump shot,2018.10.17,MOA,0
4077,DLSU,UE,0,22,15,30,A. Caracut,2,jump shot,2018.10.17,MOA,0
4078,DLSU,UE,1,-20,32,30,A. Caracut,2,jump shot,2018.10.17,MOA,2
4079,DLSU,UE,1,-18,25,18,F. Serrano,2,jump shot,2018.10.17,MOA,2
4080,DLSU,UE,0,60,46,11,A. Melecio,3,jump shot,2018.10.17,MOA,0
4081,DLSU,UE,1,12,10,25,L. Santillian,2,jump shot,2018.10.17,MOA,2
4082,DLSU,UE,0,-49,36,25,L. Santillian,2,jump shot,2018.10.17,MOA,0
4083,DLSU,UE,1,63,36,18,F. Serrano,3,jump shot,2018.10.17,MOA,3
4084,DLSU,UE,0,6,18,11,A. Melecio,2,jump shot,2018.10.17,MOA,0
4085,DLSU,UE,0,40,41,30,A. Caracut,2,jump shot,2018.10.17,MOA,0
4086,DLSU,UE,0,-56,54,18,F. Serrano,3,jump shot,2018.10.17,MOA,0
4087,DLSU,UE,1,-32,34,30,A. Caracut,2,jump shot,2018.10.17,MOA,2
4088,DLSU,UE,0,10,6,11,A. Melecio,2,jump shot,2018.10.17,MOA,0
4089,DLSU,UE,1,-22,13,30,A. Caracut,2,jump shot,2018.10.17,MOA,2
4090,DLSU,UE,1,-32,12,18,F. Serrano,2,jump shot,2018.10.17,MOA,2
4091,DLSU,UE,0,-12,7,18,F. Serrano,2,jump shot,2018.10.17,MOA,0
4092,DLSU,UE,1,-9,11,18,F. Serrano,2,jump shot,2018.10.17,MOA,2
4093,DLSU,UE,1,-46,23,7,M. Dyke,2,jump shot,2018.10.17,MOA,2
4094,DLSU,UE,1,-1,27,32,B. Bates,2,jump shot,2018.10.17,MOA,2
4095,DLSU,UE,0,29,17,11,A. Melecio,2,jump shot,2018.10.17,MOA,0
4096,DLSU,UE,0,15,18,7,M. Dyke,2,jump shot,2018.10.17,MOA,0
4097,DLSU,UE,0,-30,22,7,M. Dyke,2,jump shot,2018.10.17,MOA,0
4098,DLSU,UE,1,-68,-1,6,J. Manuel,3,jump shot,2018.10.17,MOA,3
4099,DLSU,UE,0,4,9,6,J. Manuel,2,jump shot,2018.10.17,MOA,0
4100,DLSU,UE,0,-52,56,30,A. Caracut,3,jump shot,2018.10.17,MOA,0
4101,DLSU,UE,0,-39,22,6,J. Manuel,2,jump shot,2018.10.17,MOA,0
4102,DLSU,UE,0,42,16,15,K. Montalbo,2,jump shot,2018.10.17,MOA,0
4103,DLSU,UE,0,47,51,30,A. Caracut,3,jump shot,2018.10.17,MOA,0
4104,DLSU,UE,0,-30,40,30,A. Caracut,2,jump shot,2018.10.17,MOA,0
4105,DLSU,UE,0,-66,14,6,J. Manuel,3,jump shot,2018.10.17,MOA,0
4106,DLSU,UE,0,-31,5,3,M. Corteza,2,jump shot,2018.10.17,MOA,0
4107,DLSU,UE,1,-16,18,3,M. Corteza,2,jump shot,2018.10.17,MOA,2
4108,DLSU,UE,1,-16,25,18,F. Serrano,2,lay up,2018.10.17,MOA,2
4109,UE,DLSU,0,-8,16,23,A. Pasaol,2,jump shot,2018.10.17,MOA,0
4110,UE,DLSU,0,-67,11,23,A. Pasaol,3,jump shot,2018.10.17,MOA,0
4111,UE,DLSU,0,67,25,81,J. Antiporda,3,jump shot,2018.10.17,MOA,0
4112,UE,DLSU,0,-70,6,81,J. Antiporda,3,jump shot,2018.10.17,MOA,0
4113,UE,DLSU,0,-32,31,1,C. Conner,2,jump shot,2018.10.17,MOA,0
4114,UE,DLSU,1,13,9,23,A. Pasaol,2,jump shot,2018.10.17,MOA,2
4115,UE,DLSU,1,7,18,23,A. Pasaol,2,jump shot,2018.10.17,MOA,2
4116,UE,DLSU,1,-53,42,9,J. Varilla,2,jump shot,2018.10.17,MOA,2
4117,UE,DLSU,0,25,16,23,A. Pasaol,2,jump shot,2018.10.17,MOA,0
4118,UE,DLSU,0,-37,8,23,A. Pasaol,2,jump shot,2018.10.17,MOA,0
4119,UE,DLSU,0,56,20,9,J. Varilla,2,jump shot,2018.10.17,MOA,0
4120,UE,DLSU,0,-15,13,23,A. Pasaol,2,jump shot,2018.10.17,MOA,0
4121,UE,DLSU,0,68,11,18,P. Manalang,3,jump shot,2018.10.17,MOA,0
4122,UE,DLSU,1,-20,4,23,A. Pasaol,2,jump shot,2018.10.17,MOA,2
4123,UE,DLSU,1,39,3,9,J. Varilla,2,jump shot,2018.10.17,MOA,2
4124,UE,DLSU,1,57,6,23,A. Pasaol,2,jump shot,2018.10.17,MOA,2
4125,UE,DLSU,0,-18,30,18,P. Manalang,2,jump shot,2018.10.17,MOA,0
4126,UE,DLSU,1,-55,21,23,A. Pasaol,2,jump shot,2018.10.17,MOA,2
4127,UE,DLSU,0,0,76,23,A. Pasaol,3,jump shot,2018.10.17,MOA,0
4128,UE,DLSU,1,-23,15,18,P. Manalang,2,jump shot,2018.10.17,MOA,2
4129,UE,DLSU,0,-1,20,21,W. Bartolome,2,jump shot,2018.10.17,MOA,0
4130,UE,DLSU,0,24,20,1,C. Conner,2,jump shot,2018.10.17,MOA,0
4131,UE,DLSU,0,-21,14,21,W. Bartolome,2,jump shot,2018.10.17,MOA,0
4132,UE,DLSU,0,-58,45,1,C. Conner,3,jump shot,2018.10.17,MOA,0
4133,UE,DLSU,1,-66,34,81,J. Antiporda,3,jump shot,2018.10.17,MOA,3
4134,UE,DLSU,0,-38,67,81,J. Antiporda,3,jump shot,2018.10.17,MOA,0
4135,UE,DLSU,0,-15,22,23,A. Pasaol,2,jump shot,2018.10.17,MOA,0
4136,UE,DLSU,1,-5,32,23,A. Pasaol,2,lay up,2018.10.17,MOA,2
4137,UE,DLSU,0,-59,9,1,C. Conner,2,jump shot,2018.10.17,MOA,0
4138,UE,DLSU,1,0,9,17,R. Acuno,2,jump shot,2018.10.17,MOA,2
4139,UE,DLSU,1,52,47,26,J. Cullar,3,jump shot,2018.10.17,MOA,3
4140,UE,DLSU,0,63,30,9,J. Varilla,3,jump shot,2018.10.17,MOA,0
4141,UE,DLSU,0,44,62,9,J. Varilla,3,jump shot,2018.10.17,MOA,0
4142,UE,DLSU,0,66,24,23,A. Pasaol,3,jump shot,2018.10.17,MOA,0
4143,UE,DLSU,0,6,55,17,R. Acuno,2,jump shot,2018.10.17,MOA,0
4144,UE,DLSU,1,37,23,1,C. Conner,2,jump shot,2018.10.17,MOA,2
4145,UE,DLSU,0,-67,19,23,A. Pasaol,3,jump shot,2018.10.17,MOA,0
4146,UE,DLSU,1,-44,3,21,W. Bartolome,2,jump shot,2018.10.17,MOA,2
4147,UE,DLSU,1,13,18,1,C. Conner,2,jump shot,2018.10.17,MOA,2
4148,UE,DLSU,1,23,10,1,C. Conner,2,lay up,2018.10.17,MOA,2
4149,UE,DLSU,1,-24,33,23,A. Pasaol,2,jump shot,2018.10.17,MOA,2
4150,UE,DLSU,0,-63,39,1,C. Conner,3,jump shot,2018.10.17,MOA,0
4151,UE,DLSU,0,-14,8,23,A. Pasaol,2,jump shot,2018.10.17,MOA,0
4152,UE,DLSU,0,17,24,23,A. Pasaol,2,jump shot,2018.10.17,MOA,0
4153,UE,DLSU,0,-31,17,1,C. Conner,2,jump shot,2018.10.17,MOA,0
4154,UE,DLSU,0,-63,31,26,J. Cullar,3,jump shot,2018.10.17,MOA,0
4155,UE,DLSU,0,-14,23,21,W. Bartolome,2,jump shot,2018.10.17,MOA,0
4156,UE,DLSU,1,13,17,21,W. Bartolome,2,jump shot,2018.10.17,MOA,2
4157,UE,DLSU,0,42,65,1,C. Conner,3,jump shot,2018.10.17,MOA,0
4158,UE,DLSU,1,1,19,23,A. Pasaol,2,jump shot,2018.10.17,MOA,2
4159,UE,DLSU,1,11,12,1,C. Conner,2,lay up,2018.10.17,MOA,2
4160,UE,DLSU,0,36,4,23,A. Pasaol,2,jump shot,2018.10.17,MOA,0
4161,UE,DLSU,0,-26,9,81,J. Antiporda,2,jump shot,2018.10.17,MOA,0
4162,UE,DLSU,1,-13,5,23,A. Pasaol,2,jump shot,2018.10.17,MOA,2
4163,UE,DLSU,0,-40,66,23,A. Pasaol,3,jump shot,2018.10.17,MOA,0
4164,UE,DLSU,0,42,17,17,R. Acuno,2,jump shot,2018.10.17,MOA,0
4165,UE,DLSU,0,3,28,23,A. Pasaol,2,jump shot,2018.10.17,MOA,0
4166,UE,DLSU,1,-3,33,23,A. Pasaol,2,jump shot,2018.10.17,MOA,2
4167,UE,DLSU,0,70,12,18,P. Manalang,3,jump shot,2018.10.17,MOA,0
4168,UE,DLSU,0,-2,57,21,W. Bartolome,2,jump shot,2018.10.17,MOA,0
4169,UE,DLSU,0,9,74,9,J. Varilla,3,jump shot,2018.10.17,MOA,0
4170,UE,DLSU,0,-67,26,81,J. Antiporda,3,jump shot,2018.10.17,MOA,0
4171,UE,DLSU,0,-23,39,23,A. Pasaol,2,jump shot,2018.10.17,MOA,0
4172,UE,DLSU,0,31,74,18,P. Manalang,3,jump shot,2018.10.17,MOA,0
4173,UE,DLSU,1,-8,26,1,C. Conner,2,jump shot,2018.10.17,MOA,2
4174,UE,DLSU,0,30,21,5,L. Guion,2,jump shot,2018.10.17,MOA,0
4175,UE,DLSU,1,59,43,9,J. Varilla,3,jump shot,2018.10.17,MOA,3
4176,UE,DLSU,0,-52,57,1,C. Conner,3,jump shot,2018.10.17,MOA,0
4177,UE,DLSU,0,-36,13,18,P. Manalang,2,jump shot,2018.10.17,MOA,0
4178,UE,DLSU,0,-28,68,1,C. Conner,3,jump shot,2018.10.17,MOA,0
4179,UE,DLSU,1,-13,16,21,W. Bartolome,2,lay up,2018.10.17,MOA,2
4180,UE,DLSU,0,-16,69,8,C. Lacap,3,jump shot,2018.10.17,MOA,0
4181,UE,DLSU,0,-12,8,23,A. Pasaol,2,jump shot,2018.10.17,MOA,0
4182,UE,DLSU,0,-10,26,9,J. Varilla,2,jump shot,2018.10.17,MOA,0
4183,UE,DLSU,0,-20,26,17,R. Acuno,2,jump shot,2018.10.17,MOA,0
4184,UE,DLSU,1,-59,10,22,J. Sobrevega,2,jump shot,2018.10.17,MOA,2
4185,NU,ADU,1,17,12,8,A. Joson,2,jump shot,2018.10.17,MOA,2
4186,NU,ADU,0,4,72,1,D. Ildefonso,3,jump shot,2018.10.17,MOA,0
4187,NU,ADU,1,-24,35,10,I. Gaye,2,jump shot,2018.10.17,MOA,2
4188,NU,ADU,0,-47,55,6,J. Sinclair,3,jump shot,2018.10.17,MOA,0
4189,NU,ADU,0,-15,18,8,A. Joson,2,jump shot,2018.10.17,MOA,0
4190,NU,ADU,0,20,30,6,J. Sinclair,2,jump shot,2018.10.17,MOA,0
4191,NU,ADU,1,22,8,1,D. Ildefonso,2,lay up,2018.10.17,MOA,2
4192,NU,ADU,0,36,19,19,J. Gallego,2,jump shot,2018.10.17,MOA,0
4193,NU,ADU,0,0,14,0,S. Ildefonso,2,jump shot,2018.10.17,MOA,0
4194,NU,ADU,1,16,53,19,J. Gallego,2,jump shot,2018.10.17,MOA,2
4195,NU,ADU,0,5,28,19,J. Gallego,2,jump shot,2018.10.17,MOA,0
4196,NU,ADU,0,-40,31,19,J. Gallego,2,jump shot,2018.10.17,MOA,0
4197,NU,ADU,1,52,50,9,J. Clemente,3,jump shot,2018.10.17,MOA,3
4198,NU,ADU,0,19,18,9,J. Clemente,2,jump shot,2018.10.17,MOA,0
4199,NU,ADU,0,-33,12,19,J. Gallego,2,jump shot,2018.10.17,MOA,0
4200,NU,ADU,0,-17,53,21,T. Rike,2,jump shot,2018.10.17,MOA,0
4201,NU,ADU,0,-54,52,9,J. Clemente,3,jump shot,2018.10.17,MOA,0
4202,NU,ADU,0,-8,16,21,T. Rike,2,jump shot,2018.10.17,MOA,0
4203,NU,ADU,1,0,2,0,S. Ildefonso,2,tip in,2018.10.17,MOA,2
4204,NU,ADU,0,5,20,13,M. Aquino,2,jump shot,2018.10.17,MOA,0
4205,NU,ADU,0,-68,28,15,D. Yu,3,jump shot,2018.10.17,MOA,0
4206,NU,ADU,0,-43,42,13,M. Aquino,2,jump shot,2018.10.17,MOA,0
4207,NU,ADU,0,70,6,9,J. Clemente,3,jump shot,2018.10.17,MOA,0
4208,NU,ADU,1,-8,29,5,A. Diputado,2,jump shot,2018.10.17,MOA,2
4209,NU,ADU,0,-3,11,9,J. Clemente,2,jump shot,2018.10.17,MOA,0
4210,NU,ADU,1,10,13,29,M. Malonzo,2,jump shot,2018.10.17,MOA,2
4211,NU,ADU,0,-9,23,14,J. Galinato,2,jump shot,2018.10.17,MOA,0
4212,NU,ADU,0,-33,11,1,D. Ildefonso,2,jump shot,2018.10.17,MOA,0
4213,NU,ADU,0,-25,31,1,D. Ildefonso,2,jump shot,2018.10.17,MOA,0
4214,NU,ADU,0,40,35,13,M. Aquino,2,jump shot,2018.10.17,MOA,0
4215,NU,ADU,0,-21,15,13,M. Aquino,2,jump shot,2018.10.17,MOA,0
4216,NU,ADU,1,13,26,10,I. Gaye,2,jump shot,2018.10.17,MOA,2
4217,NU,ADU,0,-9,24,1,D. Ildefonso,2,jump shot,2018.10.17,MOA,0
4218,NU,ADU,0,33,22,1,D. Ildefonso,2,jump shot,2018.10.17,MOA,0
4219,NU,ADU,1,-4,15,9,J. Clemente,2,jump shot,2018.10.17,MOA,2
4220,NU,ADU,1,48,55,1,D. Ildefonso,3,jump shot,2018.10.17,MOA,3
4221,NU,ADU,0,0,29,10,I. Gaye,2,jump shot,2018.10.17,MOA,0
4222,NU,ADU,1,18,20,1,D. Ildefonso,2,jump shot,2018.10.17,MOA,2
4223,NU,ADU,1,57,46,1,D. Ildefonso,3,jump shot,2018.10.17,MOA,3
4224,NU,ADU,0,-30,14,21,T. Rike,2,jump shot,2018.10.17,MOA,0
4225,NU,ADU,0,-12,76,1,D. Ildefonso,3,jump shot,2018.10.17,MOA,0
4226,NU,ADU,1,-15,4,1,D. Ildefonso,2,jump shot,2018.10.17,MOA,2
4227,NU,ADU,1,-14,7,1,D. Ildefonso,2,jump shot,2018.10.17,MOA,2
4228,NU,ADU,0,40,68,9,J. Clemente,3,jump shot,2018.10.17,MOA,0
4229,NU,ADU,0,5,15,9,J. Clemente,2,jump shot,2018.10.17,MOA,0
4230,NU,ADU,1,-9,19,5,A. Diputado,2,lay up,2018.10.17,MOA,2
4231,NU,ADU,0,-33,45,10,I. Gaye,2,jump shot,2018.10.17,MOA,0
4232,NU,ADU,0,-56,42,1,D. Ildefonso,3,jump shot,2018.10.17,MOA,0
4233,NU,ADU,0,-30,21,21,T. Rike,2,jump shot,2018.10.17,MOA,0
4234,NU,ADU,0,47,63,15,D. Yu,3,jump shot,2018.10.17,MOA,0
4235,NU,ADU,1,57,49,15,D. Yu,3,jump shot,2018.10.17,MOA,3
4236,NU,ADU,0,0,11,0,S. Ildefonso,2,jump shot,2018.10.17,MOA,0
4237,NU,ADU,1,16,5,6,J. Sinclair,2,jump shot,2018.10.17,MOA,2
4238,NU,ADU,0,60,36,15,D. Yu,3,jump shot,2018.10.17,MOA,0
4239,NU,ADU,0,-21,29,0,S. Ildefonso,2,jump shot,2018.10.17,MOA,0
4240,NU,ADU,0,49,58,1,D. Ildefonso,3,jump shot,2018.10.17,MOA,0
4241,NU,ADU,0,-67,22,15,D. Yu,3,jump shot,2018.10.17,MOA,0
4242,NU,ADU,0,-51,58,8,A. Joson,3,jump shot,2018.10.17,MOA,0
4243,NU,ADU,0,-56,48,1,D. Ildefonso,3,jump shot,2018.10.17,MOA,0
4244,NU,ADU,0,31,39,8,A. Joson,2,jump shot,2018.10.17,MOA,0
4245,NU,ADU,0,-61,39,1,D. Ildefonso,3,jump shot,2018.10.17,MOA,0
4246,NU,ADU,0,-2,36,8,A. Joson,2,jump shot,2018.10.17,MOA,0
4247,NU,ADU,0,33,67,21,T. Rike,3,jump shot,2018.10.17,MOA,0
4248,NU,ADU,0,-39,64,9,J. Clemente,3,jump shot,2018.10.17,MOA,0
4249,NU,ADU,0,9,8,0,S. Ildefonso,2,jump shot,2018.10.17,MOA,0
4250,NU,ADU,1,0,1,1,D. Ildefonso,2,tip in,2018.10.17,MOA,2
4251,NU,ADU,0,-22,78,1,D. Ildefonso,3,jump shot,2018.10.17,MOA,0
4252,NU,ADU,1,27,14,0,S. Ildefonso,2,jump shot,2018.10.17,MOA,2
4253,NU,ADU,1,-2,27,1,D. Ildefonso,2,jump shot,2018.10.17,MOA,2
4254,ADU,NU,1,27,79,2,J. Ahanmisi,3,jump shot,2018.10.17,MOA,3
4255,ADU,NU,0,32,5,2,J. Ahanmisi,2,jump shot,2018.10.17,MOA,0
4256,ADU,NU,1,8,16,21,P. Sarr,2,jump shot,2018.10.17,MOA,2
4257,ADU,NU,1,-8,13,2,J. Ahanmisi,2,jump shot,2018.10.17,MOA,2
4258,ADU,NU,1,11,14,21,P. Sarr,2,jump shot,2018.10.17,MOA,2
4259,ADU,NU,0,70,3,2,J. Ahanmisi,3,jump shot,2018.10.17,MOA,0
4260,ADU,NU,1,0,15,1,S. Manganti,2,lay up,2018.10.17,MOA,2
4261,ADU,NU,1,-52,52,2,J. Ahanmisi,3,jump shot,2018.10.17,MOA,3
4262,ADU,NU,1,8,20,1,S. Manganti,2,lay up,2018.10.17,MOA,2
4263,ADU,NU,1,42,43,2,J. Ahanmisi,2,jump shot,2018.10.17,MOA,2
4264,ADU,NU,1,0,32,21,P. Sarr,2,jump shot,2018.10.17,MOA,2
4265,ADU,NU,0,14,28,21,P. Sarr,2,jump shot,2018.10.17,MOA,0
4266,ADU,NU,1,-2,55,21,P. Sarr,2,jump shot,2018.10.17,MOA,2
4267,ADU,NU,0,-29,25,1,S. Manganti,2,jump shot,2018.10.17,MOA,0
4268,ADU,NU,0,9,16,1,S. Manganti,2,jump shot,2018.10.17,MOA,0
4269,ADU,NU,1,22,25,2,J. Ahanmisi,2,lay up,2018.10.17,MOA,2
4270,ADU,NU,1,-1,0,21,P. Sarr,2,dunk,2018.10.17,MOA,2
4271,ADU,NU,1,6,13,7,J. Lastimosa,2,lay up,2018.10.17,MOA,2
4272,ADU,NU,1,19,13,10,S. Camacho,2,lay up,2018.10.17,MOA,2
4273,ADU,NU,1,-9,74,7,J. Lastimosa,3,jump shot,2018.10.17,MOA,3
4274,ADU,NU,0,-6,14,7,J. Lastimosa,2,jump shot,2018.10.17,MOA,0
4275,ADU,NU,0,14,79,4,C. Catapusan,3,jump shot,2018.10.17,MOA,0
4276,ADU,NU,1,-17,47,11,J. Espeleta,2,jump shot,2018.10.17,MOA,2
4277,ADU,NU,0,12,25,21,P. Sarr,2,jump shot,2018.10.17,MOA,0
4278,ADU,NU,1,-10,45,11,J. Espeleta,2,jump shot,2018.10.17,MOA,2
4279,ADU,NU,0,-23,9,11,J. Espeleta,2,jump shot,2018.10.17,MOA,0
4280,ADU,NU,1,-15,5,19,E. Mojica,2,lay up,2018.10.17,MOA,2
4281,ADU,NU,1,14,10,21,P. Sarr,2,lay up,2018.10.17,MOA,2
4282,ADU,NU,0,44,58,19,E. Mojica,3,jump shot,2018.10.17,MOA,0
4283,ADU,NU,0,-45,5,1,S. Manganti,2,jump shot,2018.10.17,MOA,0
4284,ADU,NU,0,2,23,19,E. Mojica,2,jump shot,2018.10.17,MOA,0
4285,ADU,NU,0,-53,57,19,E. Mojica,3,jump shot,2018.10.17,MOA,0
4286,ADU,NU,0,59,48,14,J. Pingoy,3,jump shot,2018.10.17,MOA,0
4287,ADU,NU,0,-10,24,1,S. Manganti,2,jump shot,2018.10.17,MOA,0
4288,ADU,NU,0,0,38,21,P. Sarr,2,jump shot,2018.10.17,MOA,0
4289,ADU,NU,0,22,75,1,S. Manganti,3,jump shot,2018.10.17,MOA,0
4290,ADU,NU,0,-28,41,14,J. Pingoy,2,jump shot,2018.10.17,MOA,0
4291,ADU,NU,1,-13,2,29,V. Magbuhos,2,jump shot,2018.10.17,MOA,2
4292,ADU,NU,0,33,28,2,J. Ahanmisi,2,jump shot,2018.10.17,MOA,0
4293,ADU,NU,1,-12,10,29,V. Magbuhos,2,jump shot,2018.10.17,MOA,2
4294,ADU,NU,1,3,15,1,S. Manganti,2,lay up,2018.10.17,MOA,2
4295,ADU,NU,0,-26,10,21,P. Sarr,2,jump shot,2018.10.17,MOA,0
4296,ADU,NU,1,46,63,2,J. Ahanmisi,3,jump shot,2018.10.17,MOA,3
4297,ADU,NU,0,44,33,2,J. Ahanmisi,2,jump shot,2018.10.17,MOA,0
4298,ADU,NU,0,48,9,11,J. Espeleta,2,jump shot,2018.10.17,MOA,0
4299,ADU,NU,1,-54,56,1,S. Manganti,3,jump shot,2018.10.17,MOA,3
4300,ADU,NU,0,-12,10,1,S. Manganti,2,jump shot,2018.10.17,MOA,0
4301,ADU,NU,1,-8,7,21,P. Sarr,2,jump shot,2018.10.17,MOA,2
4302,ADU,NU,0,-35,67,11,J. Espeleta,3,jump shot,2018.10.17,MOA,0
4303,ADU,NU,1,-37,18,11,J. Espeleta,2,jump shot,2018.10.17,MOA,2
4304,ADU,NU,0,-35,12,21,P. Sarr,2,jump shot,2018.10.17,MOA,0
4305,ADU,NU,0,-16,73,1,S. Manganti,3,jump shot,2018.10.17,MOA,0
4306,ADU,NU,1,29,50,2,J. Ahanmisi,2,jump shot,2018.10.17,MOA,2
4307,ADU,NU,0,-64,34,21,P. Sarr,3,jump shot,2018.10.17,MOA,0
4308,ADU,NU,1,-5,22,2,J. Ahanmisi,2,jump shot,2018.10.17,MOA,2
4309,ADU,NU,0,65,37,2,J. Ahanmisi,3,jump shot,2018.10.17,MOA,0
4310,ADU,NU,0,4,23,21,P. Sarr,2,jump shot,2018.10.17,MOA,0
4311,ADU,NU,1,8,54,11,J. Espeleta,2,jump shot,2018.10.17,MOA,2
4312,DLSU,ADU,0,9,77,6,J. Manuel,3,jump shot,2018.10.20,SAC,0
4313,DLSU,ADU,0,0,27,15,K. Montalbo,2,jump shot,2018.10.20,SAC,0
4314,DLSU,ADU,0,64,34,11,A. Melecio,3,jump shot,2018.10.20,SAC,0
4315,DLSU,ADU,0,-1,18,15,K. Montalbo,2,jump shot,2018.10.20,SAC,0
4316,DLSU,ADU,0,-18,76,19,J. Baltazar,3,jump shot,2018.10.20,SAC,0
4317,DLSU,ADU,0,-51,58,11,A. Melecio,3,jump shot,2018.10.20,SAC,0
4318,DLSU,ADU,0,-6,4,6,J. Manuel,2,jump shot,2018.10.20,SAC,0
4319,DLSU,ADU,0,-29,2,11,A. Melecio,2,jump shot,2018.10.20,SAC,0
4320,DLSU,ADU,0,21,36,30,A. Caracut,2,jump shot,2018.10.20,SAC,0
4321,DLSU,ADU,0,-3,21,11,A. Melecio,2,jump shot,2018.10.20,SAC,0
4322,DLSU,ADU,0,-14,7,25,L. Santillian,2,jump shot,2018.10.20,SAC,0
4323,DLSU,ADU,0,-14,4,3,M. Corteza,2,jump shot,2018.10.20,SAC,0
4324,DLSU,ADU,0,-38,36,30,A. Caracut,2,jump shot,2018.10.20,SAC,0
4325,DLSU,ADU,0,7,6,25,L. Santillian,2,jump shot,2018.10.20,SAC,0
4326,DLSU,ADU,0,-7,1,18,F. Serrano,2,jump shot,2018.10.20,SAC,0
4327,DLSU,ADU,0,-1,8,30,A. Caracut,2,jump shot,2018.10.20,SAC,0
4328,DLSU,ADU,0,-8,2,25,L. Santillian,2,jump shot,2018.10.20,SAC,0
4329,DLSU,ADU,0,-15,11,19,J. Baltazar,2,jump shot,2018.10.20,SAC,0
4330,DLSU,ADU,0,-32,-5,30,A. Caracut,2,jump shot,2018.10.20,SAC,0
4331,DLSU,ADU,0,55,57,25,L. Santillian,3,jump shot,2018.10.20,SAC,0
4332,DLSU,ADU,1,6,4,19,J. Baltazar,2,jump shot,2018.10.20,SAC,2
4333,DLSU,ADU,0,14,74,11,A. Melecio,3,jump shot,2018.10.20,SAC,0
4334,DLSU,ADU,1,-7,0,7,M. Dyke,2,jump shot,2018.10.20,SAC,2
4335,DLSU,ADU,0,43,7,7,M. Dyke,2,jump shot,2018.10.20,SAC,0
4336,DLSU,ADU,0,-49,3,11,A. Melecio,2,jump shot,2018.10.20,SAC,0
4337,DLSU,ADU,0,2,17,7,M. Dyke,2,jump shot,2018.10.20,SAC,0
4338,DLSU,ADU,1,-23,12,11,A. Melecio,2,jump shot,2018.10.20,SAC,2
4339,DLSU,ADU,1,0,6,11,A. Melecio,2,lay up,2018.10.20,SAC,2
4340,DLSU,ADU,0,1,9,11,A. Melecio,2,jump shot,2018.10.20,SAC,0
4341,DLSU,ADU,0,-43,5,11,A. Melecio,2,jump shot,2018.10.20,SAC,0
4342,DLSU,ADU,1,21,10,11,A. Melecio,2,jump shot,2018.10.20,SAC,2
4343,DLSU,ADU,0,9,27,18,F. Serrano,2,jump shot,2018.10.20,SAC,0
4344,DLSU,ADU,1,10,7,18,F. Serrano,2,jump shot,2018.10.20,SAC,2
4345,DLSU,ADU,1,44,22,11,A. Melecio,2,jump shot,2018.10.20,SAC,2
4346,DLSU,ADU,1,-10,17,11,A. Melecio,2,jump shot,2018.10.20,SAC,2
4347,DLSU,ADU,0,-10,4,32,B. Bates,2,jump shot,2018.10.20,SAC,0
4348,DLSU,ADU,0,17,6,11,A. Melecio,2,jump shot,2018.10.20,SAC,0
4349,DLSU,ADU,0,7,2,11,A. Melecio,2,jump shot,2018.10.20,SAC,0
4350,DLSU,ADU,0,-41,66,6,J. Manuel,3,jump shot,2018.10.20,SAC,0
4351,DLSU,ADU,0,1,6,11,A. Melecio,2,jump shot,2018.10.20,SAC,0
4352,DLSU,ADU,1,7,2,19,J. Baltazar,2,lay up,2018.10.20,SAC,2
4353,DLSU,ADU,0,-39,62,11,A. Melecio,3,jump shot,2018.10.20,SAC,0
4354,DLSU,ADU,1,-4,44,19,J. Baltazar,2,jump shot,2018.10.20,SAC,2
4355,DLSU,ADU,0,70,0,15,K. Montalbo,3,jump shot,2018.10.20,SAC,0
4356,DLSU,ADU,1,8,2,11,A. Melecio,2,jump shot,2018.10.20,SAC,2
4357,DLSU,ADU,0,9,7,15,K. Montalbo,2,jump shot,2018.10.20,SAC,0
4358,DLSU,ADU,0,8,3,19,J. Baltazar,2,jump shot,2018.10.20,SAC,0
4359,DLSU,ADU,1,-29,12,18,F. Serrano,2,jump shot,2018.10.20,SAC,2
4360,DLSU,ADU,0,9,8,11,A. Melecio,2,jump shot,2018.10.20,SAC,0
4361,DLSU,ADU,0,46,60,7,M. Dyke,3,jump shot,2018.10.20,SAC,0
4362,DLSU,ADU,0,-27,19,18,F. Serrano,2,jump shot,2018.10.20,SAC,0
4363,DLSU,ADU,0,24,79,30,A. Caracut,3,jump shot,2018.10.20,SAC,0
4364,DLSU,ADU,1,-43,20,25,L. Santillian,2,jump shot,2018.10.20,SAC,2
4365,DLSU,ADU,0,-7,5,18,F. Serrano,2,jump shot,2018.10.20,SAC,0
4366,DLSU,ADU,1,-34,32,15,K. Montalbo,2,jump shot,2018.10.20,SAC,2
4367,DLSU,ADU,0,-42,48,30,A. Caracut,2,jump shot,2018.10.20,SAC,0
4368,DLSU,ADU,0,-40,14,19,J. Baltazar,2,jump shot,2018.10.20,SAC,0
4369,DLSU,ADU,1,-1,7,25,L. Santillian,2,lay up,2018.10.20,SAC,2
4370,DLSU,ADU,1,58,51,11,A. Melecio,3,jump shot,2018.10.20,SAC,3
4371,DLSU,ADU,1,44,61,11,A. Melecio,3,jump shot,2018.10.20,SAC,3
4372,DLSU,ADU,0,1,75,15,K. Montalbo,3,jump shot,2018.10.20,SAC,0
4373,DLSU,ADU,0,-2,63,11,A. Melecio,2,jump shot,2018.10.20,SAC,0
4374,DLSU,ADU,0,0,13,18,F. Serrano,2,jump shot,2018.10.20,SAC,0
4375,DLSU,ADU,0,-5,12,32,B. Bates,2,jump shot,2018.10.20,SAC,0
4376,DLSU,ADU,0,-31,14,19,J. Baltazar,2,jump shot,2018.10.20,SAC,0
4377,DLSU,ADU,0,46,65,15,K. Montalbo,3,jump shot,2018.10.20,SAC,0
4378,DLSU,ADU,0,-36,72,11,A. Melecio,3,jump shot,2018.10.20,SAC,0
4379,DLSU,ADU,1,9,2,18,F. Serrano,2,lay up,2018.10.20,SAC,2
4380,DLSU,ADU,0,-40,0,25,L. Santillian,2,jump shot,2018.10.20,SAC,0
4381,ADU,DLSU,0,-2,8,21,P. Sarr,2,jump shot,2018.10.20,SAC,0
4382,ADU,DLSU,0,-14,3,1,S. Manganti,2,jump shot,2018.10.20,SAC,0
4383,ADU,DLSU,0,-7,47,25,K. Zaldivar,2,jump shot,2018.10.20,SAC,0
4384,ADU,DLSU,0,15,75,2,J. Ahanmisi,3,jump shot,2018.10.20,SAC,0
4385,ADU,DLSU,1,-63,35,14,J. Pingoy,3,jump shot,2018.10.20,SAC,3
4386,ADU,DLSU,0,-22,73,14,J. Pingoy,3,jump shot,2018.10.20,SAC,0
4387,ADU,DLSU,0,0,11,21,P. Sarr,2,jump shot,2018.10.20,SAC,0
4388,ADU,DLSU,0,-34,34,2,J. Ahanmisi,2,jump shot,2018.10.20,SAC,0
4389,ADU,DLSU,0,-13,13,21,P. Sarr,2,jump shot,2018.10.20,SAC,0
4390,ADU,DLSU,1,-8,30,1,S. Manganti,2,jump shot,2018.10.20,SAC,2
4391,ADU,DLSU,0,-46,58,19,E. Mojica,3,jump shot,2018.10.20,SAC,0
4392,ADU,DLSU,0,15,3,2,J. Ahanmisi,2,jump shot,2018.10.20,SAC,0
4393,ADU,DLSU,0,-13,4,21,P. Sarr,2,jump shot,2018.10.20,SAC,0
4394,ADU,DLSU,1,7,3,29,V. Magbuhos,2,lay up,2018.10.20,SAC,2
4395,ADU,DLSU,0,-7,6,7,J. Lastimosa,2,jump shot,2018.10.20,SAC,0
4396,ADU,DLSU,0,-70,-2,1,S. Manganti,3,jump shot,2018.10.20,SAC,0
4397,ADU,DLSU,0,7,3,4,C. Catapusan,2,jump shot,2018.10.20,SAC,0
4398,ADU,DLSU,1,-7,3,1,S. Manganti,2,lay up,2018.10.20,SAC,2
4399,ADU,DLSU,0,52,54,19,E. Mojica,3,jump shot,2018.10.20,SAC,0
4400,ADU,DLSU,0,36,71,7,J. Lastimosa,3,jump shot,2018.10.20,SAC,0
4401,ADU,DLSU,0,67,32,1,S. Manganti,3,jump shot,2018.10.20,SAC,0
4402,ADU,DLSU,1,-7,2,1,S. Manganti,2,jump shot,2018.10.20,SAC,2
4403,ADU,DLSU,1,0,0,1,S. Manganti,2,dunk,2018.10.20,SAC,2
4404,ADU,DLSU,0,9,74,2,J. Ahanmisi,3,jump shot,2018.10.20,SAC,0
4405,ADU,DLSU,0,-42,71,14,J. Pingoy,3,jump shot,2018.10.20,SAC,0
4406,ADU,DLSU,1,-7,2,10,S. Camacho,2,jump shot,2018.10.20,SAC,2
4407,ADU,DLSU,0,9,41,21,P. Sarr,2,jump shot,2018.10.20,SAC,0
4408,ADU,DLSU,1,-7,3,21,P. Sarr,2,jump shot,2018.10.20,SAC,2
4409,ADU,DLSU,1,-46,58,2,J. Ahanmisi,3,jump shot,2018.10.20,SAC,3
4410,ADU,DLSU,0,-35,63,1,S. Manganti,3,jump shot,2018.10.20,SAC,0
4411,ADU,DLSU,1,62,37,7,J. Lastimosa,3,jump shot,2018.10.20,SAC,3
4412,ADU,DLSU,0,-7,2,20,K. Bernardo,2,jump shot,2018.10.20,SAC,0
4413,ADU,DLSU,0,37,69,2,J. Ahanmisi,3,jump shot,2018.10.20,SAC,0
4414,ADU,DLSU,0,-18,71,7,J. Lastimosa,3,jump shot,2018.10.20,SAC,0
4415,ADU,DLSU,1,-9,2,21,P. Sarr,2,jump shot,2018.10.20,SAC,2
4416,ADU,DLSU,0,-71,0,1,S. Manganti,3,jump shot,2018.10.20,SAC,0
4417,ADU,DLSU,0,-1,9,4,C. Catapusan,2,jump shot,2018.10.20,SAC,0
4418,ADU,DLSU,0,11,1,4,C. Catapusan,2,jump shot,2018.10.20,SAC,0
4419,ADU,DLSU,0,-42,64,14,J. Pingoy,3,jump shot,2018.10.20,SAC,0
4420,ADU,DLSU,1,-13,57,21,P. Sarr,2,jump shot,2018.10.20,SAC,2
4421,ADU,DLSU,0,7,5,1,S. Manganti,2,jump shot,2018.10.20,SAC,0
4422,ADU,DLSU,1,-7,2,25,K. Zaldivar,2,lay up,2018.10.20,SAC,2
4423,ADU,DLSU,0,-1,51,2,J. Ahanmisi,2,jump shot,2018.10.20,SAC,0
4424,ADU,DLSU,0,51,29,2,J. Ahanmisi,2,jump shot,2018.10.20,SAC,0
4425,ADU,DLSU,0,1,8,21,P. Sarr,2,jump shot,2018.10.20,SAC,0
4426,ADU,DLSU,1,58,53,2,J. Ahanmisi,3,jump shot,2018.10.20,SAC,3
4427,ADU,DLSU,0,49,3,14,J. Pingoy,2,jump shot,2018.10.20,SAC,0
4428,ADU,DLSU,0,-20,9,29,V. Magbuhos,2,jump shot,2018.10.20,SAC,0
4429,ADU,DLSU,1,-7,1,1,S. Manganti,2,lay up,2018.10.20,SAC,2
4430,ADU,DLSU,1,68,27,2,J. Ahanmisi,3,jump shot,2018.10.20,SAC,3
4431,ADU,DLSU,0,-2,87,7,J. Lastimosa,3,jump shot,2018.10.20,SAC,0
4432,ADU,DLSU,0,-45,12,21,P. Sarr,2,jump shot,2018.10.20,SAC,0
4433,ADU,DLSU,0,1,21,21,P. Sarr,2,jump shot,2018.10.20,SAC,0
4434,ADU,DLSU,1,-2,12,21,P. Sarr,2,jump shot,2018.10.20,SAC,2
4435,ADU,DLSU,0,-29,10,10,S. Camacho,2,jump shot,2018.10.20,SAC,0
4436,ADU,DLSU,0,-6,7,11,J. Espeleta,2,jump shot,2018.10.20,SAC,0
4437,ADU,DLSU,0,-3,12,10,S. Camacho,2,jump shot,2018.10.20,SAC,0
4438,ADU,DLSU,0,9,8,21,P. Sarr,2,jump shot,2018.10.20,SAC,0
4439,ADU,DLSU,0,0,49,4,C. Catapusan,2,jump shot,2018.10.20,SAC,0
4440,ADU,DLSU,0,11,11,4,C. Catapusan,2,jump shot,2018.10.20,SAC,0
4441,ADU,DLSU,1,-8,6,10,S. Camacho,2,jump shot,2018.10.20,SAC,2
4442,ADU,DLSU,1,-1,20,1,S. Manganti,2,jump shot,2018.10.20,SAC,2
4443,ADU,DLSU,0,-44,59,2,J. Ahanmisi,3,jump shot,2018.10.20,SAC,0
4444,ADU,DLSU,1,-70,-4,1,S. Manganti,3,jump shot,2018.10.20,SAC,3
4445,ADU,DLSU,0,-3,34,1,S. Manganti,2,jump shot,2018.10.20,SAC,0
4446,ADU,DLSU,1,-52,55,14,J. Pingoy,3,jump shot,2018.10.20,SAC,3
4447,ADU,DLSU,0,47,23,10,S. Camacho,2,jump shot,2018.10.20,SAC,0
4448,ADU,DLSU,0,40,62,14,J. Pingoy,3,jump shot,2018.10.20,SAC,0
4449,ADU,DLSU,0,5,5,21,P. Sarr,2,jump shot,2018.10.20,SAC,0
4450,ADU,DLSU,0,7,3,21,P. Sarr,2,jump shot,2018.10.20,SAC,0
4451,ADU,DLSU,1,-6,2,21,P. Sarr,2,lay up,2018.10.20,SAC,2
4452,ADU,DLSU,0,-40,15,2,J. Ahanmisi,2,jump shot,2018.10.20,SAC,0
4453,FEU,ADMU,0,0,16,21,R. Escoto,2,jump shot,2018.10.20,SAC,0
4454,FEU,ADMU,1,-9,5,21,R. Escoto,2,jump shot,2018.10.20,SAC,2
4455,FEU,ADMU,0,39,38,3,J. Parker,2,jump shot,2018.10.20,SAC,0
4456,FEU,ADMU,0,2,32,21,R. Escoto,2,jump shot,2018.10.20,SAC,0
4457,FEU,ADMU,0,6,3,10,W. Comboy,2,jump shot,2018.10.20,SAC,0
4458,FEU,ADMU,1,-58,46,3,J. Parker,3,jump shot,2018.10.20,SAC,3
4459,FEU,ADMU,1,-5,3,3,J. Parker,2,lay up,2018.10.20,SAC,2
4460,FEU,ADMU,0,67,30,2,A. Stockton,3,jump shot,2018.10.20,SAC,0
4461,FEU,ADMU,0,5,3,21,R. Escoto,2,jump shot,2018.10.20,SAC,0
4462,FEU,ADMU,1,-68,29,9,H. Cani,3,jump shot,2018.10.20,SAC,3
4463,FEU,ADMU,0,-50,57,21,R. Escoto,3,jump shot,2018.10.20,SAC,0
4464,FEU,ADMU,0,43,61,21,R. Escoto,3,jump shot,2018.10.20,SAC,0
4465,FEU,ADMU,0,69,30,20,K. Tuffin,3,jump shot,2018.10.20,SAC,0
4466,FEU,ADMU,1,1,12,17,P. Orizu,2,jump shot,2018.10.20,SAC,2
4467,FEU,ADMU,0,0,26,9,H. Cani,2,jump shot,2018.10.20,SAC,0
4468,FEU,ADMU,0,-70,22,9,H. Cani,3,jump shot,2018.10.20,SAC,0
4469,FEU,ADMU,1,5,4,9,H. Cani,2,lay up,2018.10.20,SAC,2
4470,FEU,ADMU,0,57,54,9,H. Cani,3,jump shot,2018.10.20,SAC,0
4471,FEU,ADMU,0,-71,4,5,A. Inigo,3,jump shot,2018.10.20,SAC,0
4472,FEU,ADMU,0,-30,3,20,K. Tuffin,2,jump shot,2018.10.20,SAC,0
4473,FEU,ADMU,0,-43,62,5,A. Inigo,3,jump shot,2018.10.20,SAC,0
4474,FEU,ADMU,1,-2,32,2,A. Stockton,2,jump shot,2018.10.20,SAC,2
4475,FEU,ADMU,0,-33,66,3,J. Parker,3,jump shot,2018.10.20,SAC,0
4476,FEU,ADMU,1,-58,2,21,R. Escoto,2,jump shot,2018.10.20,SAC,2
4477,FEU,ADMU,0,69,-4,3,J. Parker,3,jump shot,2018.10.20,SAC,0
4478,FEU,ADMU,0,-13,3,21,R. Escoto,2,jump shot,2018.10.20,SAC,0
4479,FEU,ADMU,1,9,2,21,R. Escoto,2,jump shot,2018.10.20,SAC,2
4480,FEU,ADMU,0,33,22,13,L. Gonzales,2,jump shot,2018.10.20,SAC,0
4481,FEU,ADMU,0,43,16,15,B. Bienes,2,jump shot,2018.10.20,SAC,0
4482,FEU,ADMU,0,-45,60,10,W. Comboy,3,jump shot,2018.10.20,SAC,0
4483,FEU,ADMU,0,44,23,3,J. Parker,2,jump shot,2018.10.20,SAC,0
4484,FEU,ADMU,0,38,28,10,W. Comboy,2,jump shot,2018.10.20,SAC,0
4485,FEU,ADMU,0,-59,0,9,H. Cani,2,jump shot,2018.10.20,SAC,0
4486,FEU,ADMU,0,58,84,15,B. Bienes,3,jump shot,2018.10.20,SAC,0
4487,FEU,ADMU,0,35,72,3,J. Parker,3,jump shot,2018.10.20,SAC,0
4488,FEU,ADMU,0,-41,14,9,H. Cani,2,jump shot,2018.10.20,SAC,0
4489,FEU,ADMU,1,6,3,8,B. Ebona,2,jump shot,2018.10.20,SAC,2
4490,FEU,ADMU,0,-5,50,3,J. Parker,2,jump shot,2018.10.20,SAC,0
4491,FEU,ADMU,1,-14,5,9,H. Cani,2,jump shot,2018.10.20,SAC,2
4492,FEU,ADMU,0,35,61,21,R. Escoto,3,jump shot,2018.10.20,SAC,0
4493,FEU,ADMU,1,-39,42,21,R. Escoto,2,jump shot,2018.10.20,SAC,2
4494,FEU,ADMU,0,55,52,10,W. Comboy,3,jump shot,2018.10.20,SAC,0
4495,FEU,ADMU,0,-70,0,3,J. Parker,3,jump shot,2018.10.20,SAC,0
4496,FEU,ADMU,0,-69,6,15,B. Bienes,3,jump shot,2018.10.20,SAC,0
4497,FEU,ADMU,0,-60,47,20,K. Tuffin,3,jump shot,2018.10.20,SAC,0
4498,FEU,ADMU,1,10,2,10,W. Comboy,2,lay up,2018.10.20,SAC,2
4499,FEU,ADMU,0,46,57,3,J. Parker,3,jump shot,2018.10.20,SAC,0
4500,FEU,ADMU,0,20,5,9,H. Cani,2,jump shot,2018.10.20,SAC,0
4501,FEU,ADMU,1,-69,0,15,B. Bienes,3,jump shot,2018.10.20,SAC,3
4502,FEU,ADMU,0,70,-2,15,B. Bienes,3,jump shot,2018.10.20,SAC,0
4503,FEU,ADMU,0,1,9,21,R. Escoto,2,jump shot,2018.10.20,SAC,0
4504,FEU,ADMU,1,70,0,15,B. Bienes,3,jump shot,2018.10.20,SAC,3
4505,FEU,ADMU,1,63,8,9,H. Cani,2,jump shot,2018.10.20,SAC,2
4506,FEU,ADMU,0,-12,10,2,A. Stockton,2,jump shot,2018.10.20,SAC,0
4507,FEU,ADMU,0,-8,2,2,A. Stockton,2,jump shot,2018.10.20,SAC,0
4508,FEU,ADMU,0,-5,9,13,L. Gonzales,2,jump shot,2018.10.20,SAC,0
4509,FEU,ADMU,0,-60,48,9,H. Cani,3,jump shot,2018.10.20,SAC,0
4510,FEU,ADMU,0,-68,0,15,B. Bienes,3,jump shot,2018.10.20,SAC,0
4511,FEU,ADMU,1,-33,16,9,H. Cani,2,jump shot,2018.10.20,SAC,2
4512,FEU,ADMU,1,-19,8,15,B. Bienes,2,jump shot,2018.10.20,SAC,2
4513,FEU,ADMU,1,0,78,10,W. Comboy,3,jump shot,2018.10.20,SAC,3
4514,FEU,ADMU,0,-1,16,20,K. Tuffin,2,jump shot,2018.10.20,SAC,0
4515,FEU,ADMU,0,35,40,10,W. Comboy,2,jump shot,2018.10.20,SAC,0
4516,FEU,ADMU,0,-30,20,9,H. Cani,2,jump shot,2018.10.20,SAC,0
4517,FEU,ADMU,0,-7,27,15,B. Bienes,2,jump shot,2018.10.20,SAC,0
4518,FEU,ADMU,0,-11,1,2,A. Stockton,2,jump shot,2018.10.20,SAC,0
4519,FEU,ADMU,0,23,81,10,W. Comboy,3,jump shot,2018.10.20,SAC,0
4520,FEU,ADMU,1,7,0,9,H. Cani,2,lay up,2018.10.20,SAC,2
4521,FEU,ADMU,0,10,73,3,J. Parker,3,jump shot,2018.10.20,SAC,0
4522,FEU,ADMU,0,1,26,9,H. Cani,2,jump shot,2018.10.20,SAC,0
4523,FEU,ADMU,0,28,69,15,B. Bienes,3,jump shot,2018.10.20,SAC,0
4524,FEU,ADMU,1,-62,38,1,J. Nunag,3,jump shot,2018.10.20,SAC,3
4525,ADMU,FEU,1,0,16,34,A. Kouame,2,jump shot,2018.10.20,SAC,2
4526,ADMU,FEU,1,-45,66,3,A. Wong,3,jump shot,2018.10.20,SAC,3
4527,ADMU,FEU,1,-7,3,22,R. Verano,2,lay up,2018.10.20,SAC,2
4528,ADMU,FEU,0,-21,22,19,T. Tio,2,jump shot,2018.10.20,SAC,0
4529,ADMU,FEU,0,72,23,4,A. Asistio,3,jump shot,2018.10.20,SAC,0
4530,ADMU,FEU,0,-31,52,19,T. Tio,2,jump shot,2018.10.20,SAC,0
4531,ADMU,FEU,1,-7,4,34,A. Kouame,2,jump shot,2018.10.20,SAC,2
4532,ADMU,FEU,0,23,54,22,R. Verano,2,jump shot,2018.10.20,SAC,0
4533,ADMU,FEU,0,-59,47,19,T. Tio,3,jump shot,2018.10.20,SAC,0
4534,ADMU,FEU,0,-7,73,4,A. Asistio,3,jump shot,2018.10.20,SAC,0
4535,ADMU,FEU,1,-35,22,4,A. Asistio,2,jump shot,2018.10.20,SAC,2
4536,ADMU,FEU,1,1,62,34,A. Kouame,2,jump shot,2018.10.20,SAC,2
4537,ADMU,FEU,0,18,73,13,W. Navarro,3,jump shot,2018.10.20,SAC,0
4538,ADMU,FEU,0,7,4,8,A. Black,2,jump shot,2018.10.20,SAC,0
4539,ADMU,FEU,0,40,35,11,I. Go,2,jump shot,2018.10.20,SAC,0
4540,ADMU,FEU,1,-16,15,27,S. Belangel,2,jump shot,2018.10.20,SAC,2
4541,ADMU,FEU,0,-68,-1,10,J. Mendoza,3,jump shot,2018.10.20,SAC,0
4542,ADMU,FEU,0,0,14,10,J. Mendoza,2,jump shot,2018.10.20,SAC,0
4543,ADMU,FEU,0,22,76,27,S. Belangel,3,jump shot,2018.10.20,SAC,0
4544,ADMU,FEU,0,0,77,10,J. Mendoza,3,jump shot,2018.10.20,SAC,0
4545,ADMU,FEU,0,-11,13,34,A. Kouame,2,jump shot,2018.10.20,SAC,0
4546,ADMU,FEU,0,-9,4,27,S. Belangel,2,jump shot,2018.10.20,SAC,0
4547,ADMU,FEU,1,0,1,34,A. Kouame,2,dunk,2018.10.20,SAC,2
4548,ADMU,FEU,1,-20,38,5,G. Mamuyac,2,jump shot,2018.10.20,SAC,2
4549,ADMU,FEU,0,31,71,11,I. Go,3,jump shot,2018.10.20,SAC,0
4550,ADMU,FEU,0,-10,42,5,G. Mamuyac,2,jump shot,2018.10.20,SAC,0
4551,ADMU,FEU,1,-13,0,34,A. Kouame,2,jump shot,2018.10.20,SAC,2
4552,ADMU,FEU,0,69,3,22,R. Verano,3,jump shot,2018.10.20,SAC,0
4553,ADMU,FEU,1,-7,5,34,A. Kouame,2,jump shot,2018.10.20,SAC,2
4554,ADMU,FEU,0,-33,68,3,A. Wong,3,jump shot,2018.10.20,SAC,0
4555,ADMU,FEU,1,-2,8,34,A. Kouame,2,jump shot,2018.10.20,SAC,2
4556,ADMU,FEU,0,49,62,19,T. Tio,3,jump shot,2018.10.20,SAC,0
4557,ADMU,FEU,0,1,47,19,T. Tio,2,jump shot,2018.10.20,SAC,0
4558,ADMU,FEU,0,9,2,22,R. Verano,2,jump shot,2018.10.20,SAC,0
4559,ADMU,FEU,1,3,5,34,A. Kouame,2,jump shot,2018.10.20,SAC,2
4560,ADMU,FEU,0,-42,61,19,T. Tio,3,jump shot,2018.10.20,SAC,0
4561,ADMU,FEU,0,-64,38,3,A. Wong,3,jump shot,2018.10.20,SAC,0
4562,ADMU,FEU,1,62,47,4,A. Asistio,3,jump shot,2018.10.20,SAC,3
4563,ADMU,FEU,0,48,11,4,A. Asistio,2,jump shot,2018.10.20,SAC,0
4564,ADMU,FEU,0,38,8,22,R. Verano,2,jump shot,2018.10.20,SAC,0
4565,ADMU,FEU,1,-5,3,34,A. Kouame,2,jump shot,2018.10.20,SAC,2
4566,ADMU,FEU,1,13,30,19,T. Tio,2,jump shot,2018.10.20,SAC,2
4567,ADMU,FEU,1,-14,10,22,R. Verano,2,jump shot,2018.10.20,SAC,2
4568,ADMU,FEU,1,-1,48,19,T. Tio,2,jump shot,2018.10.20,SAC,2
4569,ADMU,FEU,1,22,27,3,A. Wong,2,jump shot,2018.10.20,SAC,2
4570,ADMU,FEU,1,-69,2,4,A. Asistio,3,jump shot,2018.10.20,SAC,3
4571,ADMU,FEU,0,38,66,19,T. Tio,3,jump shot,2018.10.20,SAC,0
4572,ADMU,FEU,1,60,41,10,J. Mendoza,3,jump shot,2018.10.20,SAC,3
4573,ADMU,FEU,1,-9,2,11,I. Go,2,jump shot,2018.10.20,SAC,2
4574,ADMU,FEU,1,-7,0,3,A. Wong,2,jump shot,2018.10.20,SAC,2
4575,ADMU,FEU,0,12,8,22,R. Verano,2,jump shot,2018.10.20,SAC,0
4576,ADMU,FEU,0,-3,68,11,I. Go,3,jump shot,2018.10.20,SAC,0
4577,ADMU,FEU,1,-6,3,34,A. Kouame,2,jump shot,2018.10.20,SAC,2
4578,ADMU,FEU,0,5,73,34,A. Kouame,3,jump shot,2018.10.20,SAC,0
4579,ADMU,FEU,0,26,69,11,I. Go,3,jump shot,2018.10.20,SAC,0
4580,ADMU,FEU,1,7,5,5,G. Mamuyac,2,lay up,2018.10.20,SAC,2
4581,ADMU,FEU,0,-62,100,27,S. Belangel,3,jump shot,2018.10.20,SAC,0
4582,ADMU,FEU,1,-7,4,5,G. Mamuyac,2,jump shot,2018.10.20,SAC,2
4583,ADMU,FEU,1,-7,3,4,A. Asistio,2,jump shot,2018.10.20,SAC,2
4584,ADMU,FEU,1,-7,2,34,A. Kouame,2,alley oop,2018.10.20,SAC,2
4585,ADMU,FEU,0,66,36,4,A. Asistio,3,jump shot,2018.10.20,SAC,0
4586,ADMU,FEU,0,16,16,34,A. Kouame,2,jump shot,2018.10.20,SAC,0
4587,ADMU,FEU,0,17,8,5,G. Mamuyac,2,jump shot,2018.10.20,SAC,0
4588,ADMU,FEU,0,3,26,19,T. Tio,2,jump shot,2018.10.20,SAC,0
4589,ADMU,FEU,1,7,4,34,A. Kouame,2,jump shot,2018.10.20,SAC,2
4590,ADMU,FEU,1,1,2,34,A. Kouame,2,dunk,2018.10.20,SAC,2
4591,ADMU,FEU,0,9,50,22,R. Verano,2,jump shot,2018.10.20,SAC,0
4592,ADMU,FEU,1,8,4,34,A. Kouame,2,jump shot,2018.10.20,SAC,2
4593,ADMU,FEU,0,15,80,19,T. Tio,3,jump shot,2018.10.20,SAC,0
4594,ADMU,FEU,1,-5,2,34,A. Kouame,2,jump shot,2018.10.20,SAC,2
4595,ADMU,FEU,1,-10,3,2,B. Andrade,2,lay up,2018.10.20,SAC,2
4596,ADMU,FEU,0,-32,12,19,T. Tio,2,jump shot,2018.10.20,SAC,0
4597,ADMU,FEU,0,-59,44,2,B. Andrade,3,jump shot,2018.10.20,SAC,0
4598,ADMU,FEU,1,0,75,19,T. Tio,3,jump shot,2018.10.20,SAC,3
4599,UST,NU,1,35,31,13,Z. Huang,2,jump shot,2018.10.21,FFVA,2
4600,UST,NU,0,-8,2,13,Z. Huang,2,jump shot,2018.10.21,FFVA,0
4601,UST,NU,0,-16,22,6,M. Lee,2,jump shot,2018.10.21,FFVA,0
4602,UST,NU,0,19,33,13,Z. Huang,2,jump shot,2018.10.21,FFVA,0
4603,UST,NU,0,-40,66,8,K. Zamora,3,jump shot,2018.10.21,FFVA,0
4604,UST,NU,0,-10,2,27,C. Cansino,2,jump shot,2018.10.21,FFVA,0
4605,UST,NU,1,1,26,11,E. Caunan,2,jump shot,2018.10.21,FFVA,2
4606,UST,NU,0,-72,0,27,C. Cansino,3,jump shot,2018.10.21,FFVA,0
4607,UST,NU,0,35,42,13,Z. Huang,2,jump shot,2018.10.21,FFVA,0
4608,UST,NU,0,58,48,8,K. Zamora,3,jump shot,2018.10.21,FFVA,0
4609,UST,NU,1,11,2,27,C. Cansino,2,jump shot,2018.10.21,FFVA,2
4610,UST,NU,0,40,61,16,N. Consejo,3,jump shot,2018.10.21,FFVA,0
4611,UST,NU,1,-6,0,26,G. Mahinay,2,jump shot,2018.10.21,FFVA,2
4612,UST,NU,0,-6,34,7,J. Marcos,2,jump shot,2018.10.21,FFVA,0
4613,UST,NU,0,1,6,16,N. Consejo,2,jump shot,2018.10.21,FFVA,0
4614,UST,NU,0,6,9,16,N. Consejo,2,jump shot,2018.10.21,FFVA,0
4615,UST,NU,0,31,68,5,R. Subido,3,jump shot,2018.10.21,FFVA,0
4616,UST,NU,0,-70,-1,5,R. Subido,3,jump shot,2018.10.21,FFVA,0
4617,UST,NU,0,-1,12,26,G. Mahinay,2,jump shot,2018.10.21,FFVA,0
4618,UST,NU,0,14,20,15,T. Agustin,2,jump shot,2018.10.21,FFVA,0
4619,UST,NU,0,5,31,16,N. Consejo,2,jump shot,2018.10.21,FFVA,0
4620,UST,NU,0,-9,2,26,G. Mahinay,2,jump shot,2018.10.21,FFVA,0
4621,UST,NU,1,37,65,5,R. Subido,3,jump shot,2018.10.21,FFVA,3
4622,UST,NU,0,-51,55,27,C. Cansino,3,jump shot,2018.10.21,FFVA,0
4623,UST,NU,1,69,0,5,R. Subido,3,jump shot,2018.10.21,FFVA,3
4624,UST,NU,1,-2,19,13,Z. Huang,2,jump shot,2018.10.21,FFVA,2
4625,UST,NU,1,-40,65,6,M. Lee,3,jump shot,2018.10.21,FFVA,3
4626,UST,NU,0,0,76,13,Z. Huang,3,jump shot,2018.10.21,FFVA,0
4627,UST,NU,0,-44,63,6,M. Lee,3,jump shot,2018.10.21,FFVA,0
4628,UST,NU,0,12,8,11,E. Caunan,2,jump shot,2018.10.21,FFVA,0
4629,UST,NU,1,-70,0,6,M. Lee,3,jump shot,2018.10.21,FFVA,3
4630,UST,NU,0,-35,-2,11,E. Caunan,2,jump shot,2018.10.21,FFVA,0
4631,UST,NU,0,66,28,5,R. Subido,3,jump shot,2018.10.21,FFVA,0
4632,UST,NU,0,6,8,11,E. Caunan,2,jump shot,2018.10.21,FFVA,0
4633,UST,NU,0,26,70,27,C. Cansino,3,jump shot,2018.10.21,FFVA,0
4634,UST,NU,0,9,73,5,R. Subido,3,jump shot,2018.10.21,FFVA,0
4635,UST,NU,0,30,69,6,M. Lee,3,jump shot,2018.10.21,FFVA,0
4636,UST,NU,1,21,29,5,R. Subido,2,jump shot,2018.10.21,FFVA,2
4637,UST,NU,0,5,84,8,K. Zamora,3,jump shot,2018.10.21,FFVA,0
4638,UST,NU,1,7,35,13,Z. Huang,2,jump shot,2018.10.21,FFVA,2
4639,UST,NU,0,-19,74,13,Z. Huang,3,jump shot,2018.10.21,FFVA,0
4640,UST,NU,0,-20,37,11,E. Caunan,2,jump shot,2018.10.21,FFVA,0
4641,UST,NU,0,0,24,6,M. Lee,2,jump shot,2018.10.21,FFVA,0
4642,UST,NU,0,-19,36,27,C. Cansino,2,jump shot,2018.10.21,FFVA,0
4643,UST,NU,0,-5,12,7,J. Marcos,2,jump shot,2018.10.21,FFVA,0
4644,UST,NU,1,-4,17,26,G. Mahinay,2,jump shot,2018.10.21,FFVA,2
4645,UST,NU,0,10,54,26,G. Mahinay,2,jump shot,2018.10.21,FFVA,0
4646,UST,NU,0,69,-3,5,R. Subido,3,jump shot,2018.10.21,FFVA,0
4647,UST,NU,1,-23,68,27,C. Cansino,3,jump shot,2018.10.21,FFVA,3
4648,UST,NU,0,-40,68,5,R. Subido,3,jump shot,2018.10.21,FFVA,0
4649,UST,NU,0,-14,3,2,I. Batalier,2,jump shot,2018.10.21,FFVA,0
4650,UST,NU,0,-10,12,26,G. Mahinay,2,jump shot,2018.10.21,FFVA,0
4651,UST,NU,1,1,12,26,G. Mahinay,2,jump shot,2018.10.21,FFVA,2
4652,UST,NU,0,-35,67,5,R. Subido,3,jump shot,2018.10.21,FFVA,0
4653,UST,NU,1,-51,54,5,R. Subido,3,jump shot,2018.10.21,FFVA,3
4654,UST,NU,1,20,8,13,Z. Huang,2,jump shot,2018.10.21,FFVA,2
4655,UST,NU,0,-1,12,6,M. Lee,2,jump shot,2018.10.21,FFVA,0
4656,UST,NU,1,-69,0,5,R. Subido,3,jump shot,2018.10.21,FFVA,3
4657,UST,NU,1,8,77,5,R. Subido,3,jump shot,2018.10.21,FFVA,3
4658,UST,NU,0,48,58,27,C. Cansino,3,jump shot,2018.10.21,FFVA,0
4659,UST,NU,0,16,13,6,M. Lee,2,jump shot,2018.10.21,FFVA,0
4660,UST,NU,0,-67,31,6,M. Lee,3,jump shot,2018.10.21,FFVA,0
4661,UST,NU,1,70,2,6,M. Lee,3,jump shot,2018.10.21,FFVA,3
4662,UST,NU,1,-8,4,13,Z. Huang,2,jump shot,2018.10.21,FFVA,2
4663,UST,NU,0,-70,-3,5,R. Subido,3,jump shot,2018.10.21,FFVA,0
4664,UST,NU,0,-41,12,26,G. Mahinay,2,jump shot,2018.10.21,FFVA,0
4665,UST,NU,1,-70,0,6,M. Lee,3,jump shot,2018.10.21,FFVA,3
4666,UST,NU,0,-10,74,2,I. Batalier,3,jump shot,2018.10.21,FFVA,0
4667,UST,NU,0,-1,9,2,I. Batalier,2,jump shot,2018.10.21,FFVA,0
4668,UST,NU,0,61,47,5,R. Subido,3,jump shot,2018.10.21,FFVA,0
4669,UST,NU,0,35,67,5,R. Subido,3,jump shot,2018.10.21,FFVA,0
4670,UST,NU,0,16,81,27,C. Cansino,3,jump shot,2018.10.21,FFVA,0
4671,UST,NU,0,-45,71,5,R. Subido,3,jump shot,2018.10.21,FFVA,0
4672,NU,UST,1,-8,3,21,T. Rike,2,jump shot,2018.10.21,FFVA,2
4673,NU,UST,0,-21,51,8,A. Joson,2,jump shot,2018.10.21,FFVA,0
4674,NU,UST,0,-31,37,1,D. Ildefonso,2,jump shot,2018.10.21,FFVA,0
4675,NU,UST,0,37,20,1,D. Ildefonso,2,jump shot,2018.10.21,FFVA,0
4676,NU,UST,0,-31,25,6,J. Sinclair,2,jump shot,2018.10.21,FFVA,0
4677,NU,UST,1,7,3,1,D. Ildefonso,2,lay up,2018.10.21,FFVA,2
4678,NU,UST,0,-8,6,1,D. Ildefonso,2,jump shot,2018.10.21,FFVA,0
4679,NU,UST,1,6,4,21,T. Rike,2,jump shot,2018.10.21,FFVA,2
4680,NU,UST,0,-7,1,8,A. Joson,2,jump shot,2018.10.21,FFVA,0
4681,NU,UST,1,-22,21,10,I. Gaye,2,jump shot,2018.10.21,FFVA,2
4682,NU,UST,1,-31,16,8,A. Joson,2,jump shot,2018.10.21,FFVA,2
4683,NU,UST,0,-7,41,10,I. Gaye,2,jump shot,2018.10.21,FFVA,0
4684,NU,UST,0,18,0,9,J. Clemente,2,jump shot,2018.10.21,FFVA,0
4685,NU,UST,0,11,29,21,T. Rike,2,jump shot,2018.10.21,FFVA,0
4686,NU,UST,0,-44,10,9,J. Clemente,2,jump shot,2018.10.21,FFVA,0
4687,NU,UST,1,11,3,21,T. Rike,2,jump shot,2018.10.21,FFVA,2
4688,NU,UST,0,36,46,15,D. Yu,2,jump shot,2018.10.21,FFVA,0
4689,NU,UST,0,-42,38,0,S. Ildefonso,2,jump shot,2018.10.21,FFVA,0
4690,NU,UST,1,-14,2,0,S. Ildefonso,2,jump shot,2018.10.21,FFVA,2
4691,NU,UST,1,-7,4,5,A. Diputado,2,lay up,2018.10.21,FFVA,2
4692,NU,UST,0,28,23,0,S. Ildefonso,2,jump shot,2018.10.21,FFVA,0
4693,NU,UST,1,-11,8,10,I. Gaye,2,jump shot,2018.10.21,FFVA,2
4694,NU,UST,0,-12,75,5,A. Diputado,3,jump shot,2018.10.21,FFVA,0
4695,NU,UST,0,-15,4,0,S. Ildefonso,2,jump shot,2018.10.21,FFVA,0
4696,NU,UST,1,-47,27,9,J. Clemente,2,jump shot,2018.10.21,FFVA,2
4697,NU,UST,1,-7,1,21,T. Rike,2,jump shot,2018.10.21,FFVA,2
4698,NU,UST,1,49,60,1,D. Ildefonso,3,jump shot,2018.10.21,FFVA,3
4699,NU,UST,0,-35,0,21,T. Rike,2,jump shot,2018.10.21,FFVA,0
4700,NU,UST,0,-4,74,1,D. Ildefonso,3,jump shot,2018.10.21,FFVA,0
4701,NU,UST,0,39,67,8,A. Joson,3,jump shot,2018.10.21,FFVA,0
4702,NU,UST,0,8,7,10,I. Gaye,2,jump shot,2018.10.21,FFVA,0
4703,NU,UST,1,-8,72,9,J. Clemente,3,jump shot,2018.10.21,FFVA,3
4704,NU,UST,1,7,2,10,I. Gaye,2,jump shot,2018.10.21,FFVA,2
4705,NU,UST,0,-35,14,10,I. Gaye,2,jump shot,2018.10.21,FFVA,0
4706,NU,UST,1,7,0,5,A. Diputado,2,jump shot,2018.10.21,FFVA,2
4707,NU,UST,0,42,67,1,D. Ildefonso,3,jump shot,2018.10.21,FFVA,0
4708,NU,UST,0,-8,5,14,J. Galinato,2,jump shot,2018.10.21,FFVA,0
4709,NU,UST,0,7,5,21,T. Rike,2,jump shot,2018.10.21,FFVA,0
4710,NU,UST,1,5,4,6,J. Sinclair,2,jump shot,2018.10.21,FFVA,2
4711,NU,UST,0,-63,41,8,A. Joson,3,jump shot,2018.10.21,FFVA,0
4712,NU,UST,1,0,48,10,I. Gaye,2,jump shot,2018.10.21,FFVA,2
4713,NU,UST,1,-7,1,21,T. Rike,2,jump shot,2018.10.21,FFVA,2
4714,NU,UST,1,-5,3,1,D. Ildefonso,2,lay up,2018.10.21,FFVA,2
4715,NU,UST,0,19,36,10,I. Gaye,2,jump shot,2018.10.21,FFVA,0
4716,NU,UST,0,-39,4,10,I. Gaye,2,jump shot,2018.10.21,FFVA,0
4717,NU,UST,1,14,73,9,J. Clemente,3,jump shot,2018.10.21,FFVA,3
4718,NU,UST,0,-20,4,9,J. Clemente,2,jump shot,2018.10.21,FFVA,0
4719,NU,UST,0,44,19,21,T. Rike,2,jump shot,2018.10.21,FFVA,0
4720,NU,UST,0,-18,17,5,A. Diputado,2,jump shot,2018.10.21,FFVA,0
4721,NU,UST,1,-65,36,15,D. Yu,3,jump shot,2018.10.21,FFVA,3
4722,NU,UST,0,-58,53,9,J. Clemente,3,jump shot,2018.10.21,FFVA,0
4723,NU,UST,1,-10,5,0,S. Ildefonso,2,jump shot,2018.10.21,FFVA,2
4724,NU,UST,0,-10,20,19,J. Gallego,2,jump shot,2018.10.21,FFVA,0
4725,NU,UST,0,9,2,21,T. Rike,2,jump shot,2018.10.21,FFVA,0
4726,NU,UST,0,70,-7,15,D. Yu,3,jump shot,2018.10.21,FFVA,0
4727,NU,UST,0,-72,-4,15,D. Yu,3,jump shot,2018.10.21,FFVA,0
4728,NU,UST,1,-7,2,5,A. Diputado,2,lay up,2018.10.21,FFVA,2
4729,NU,UST,0,15,33,9,J. Clemente,2,jump shot,2018.10.21,FFVA,0
4730,NU,UST,0,60,40,9,J. Clemente,3,jump shot,2018.10.21,FFVA,0
4731,NU,UST,0,-8,5,1,D. Ildefonso,2,jump shot,2018.10.21,FFVA,0
4732,NU,UST,1,5,4,1,D. Ildefonso,2,lay up,2018.10.21,FFVA,2
4733,NU,UST,1,-9,0,1,D. Ildefonso,2,lay up,2018.10.21,FFVA,2
4734,NU,UST,0,-60,48,5,A. Diputado,3,jump shot,2018.10.21,FFVA,0
4735,NU,UST,1,5,4,1,D. Ildefonso,2,lay up,2018.10.21,FFVA,2
4736,NU,UST,0,7,3,8,A. Joson,2,jump shot,2018.10.21,FFVA,0
4737,NU,UST,1,-19,13,10,I. Gaye,2,jump shot,2018.10.21,FFVA,2
4738,UP,UE,1,0,7,0,B. Akhuetie,2,lay up,2018.10.21,FFVA,2
4739,UP,UE,0,-31,15,13,J. Manzo,2,jump shot,2018.10.21,FFVA,0
4740,UP,UE,1,-6,2,18,P. Desiderio,2,lay up,2018.10.21,FFVA,2
4741,UP,UE,0,-17,4,13,J. Manzo,2,jump shot,2018.10.21,FFVA,0
4742,UP,UE,0,52,9,15,C. Vito,2,jump shot,2018.10.21,FFVA,0
4743,UP,UE,1,-5,1,13,J. Manzo,2,jump shot,2018.10.21,FFVA,2
4744,UP,UE,0,41,25,18,P. Desiderio,2,jump shot,2018.10.21,FFVA,0
4745,UP,UE,0,-59,44,33,D. Longa,3,jump shot,2018.10.21,FFVA,0
4746,UP,UE,0,71,3,1,Ju. Gomez de Liaño,3,jump shot,2018.10.21,FFVA,0
4747,UP,UE,0,-71,0,11,F. Tungcab,3,jump shot,2018.10.21,FFVA,0
4748,UP,UE,1,-15,16,15,C. Vito,2,jump shot,2018.10.21,FFVA,2
4749,UP,UE,0,-9,9,0,B. Akhuetie,2,jump shot,2018.10.21,FFVA,0
4750,UP,UE,1,19,13,15,C. Vito,2,jump shot,2018.10.21,FFVA,2
4751,UP,UE,1,-41,62,5,D. Dario,3,jump shot,2018.10.21,FFVA,3
4752,UP,UE,0,68,24,18,P. Desiderio,3,jump shot,2018.10.21,FFVA,0
4753,UP,UE,0,-1,37,1,Ju. Gomez de Liaño,2,jump shot,2018.10.21,FFVA,0
4754,UP,UE,0,70,-4,17,F. Jaboneta,3,jump shot,2018.10.21,FFVA,0
4755,UP,UE,1,7,2,0,B. Akhuetie,2,lay up,2018.10.21,FFVA,2
4756,UP,UE,1,7,3,0,B. Akhuetie,2,lay up,2018.10.21,FFVA,2
4757,UP,UE,0,-65,38,13,J. Manzo,3,jump shot,2018.10.21,FFVA,0
4758,UP,UE,0,3,25,18,P. Desiderio,2,jump shot,2018.10.21,FFVA,0
4759,UP,UE,0,-14,9,12,J. Lim,2,jump shot,2018.10.21,FFVA,0
4760,UP,UE,0,45,14,18,P. Desiderio,2,jump shot,2018.10.21,FFVA,0
4761,UP,UE,1,4,0,0,B. Akhuetie,2,jump shot,2018.10.21,FFVA,2
4762,UP,UE,1,4,7,0,B. Akhuetie,2,jump shot,2018.10.21,FFVA,2
4763,UP,UE,1,52,52,12,J. Lim,3,jump shot,2018.10.21,FFVA,3
4764,UP,UE,1,8,0,18,P. Desiderio,2,jump shot,2018.10.21,FFVA,2
4765,UP,UE,1,-47,57,1,Ju. Gomez de Liaño,3,jump shot,2018.10.21,FFVA,3
4766,UP,UE,0,-56,59,1,Ju. Gomez de Liaño,3,jump shot,2018.10.21,FFVA,0
4767,UP,UE,1,72,1,18,P. Desiderio,3,jump shot,2018.10.21,FFVA,3
4768,UP,UE,0,1,27,1,Ju. Gomez de Liaño,2,jump shot,2018.10.21,FFVA,0
4769,UP,UE,0,16,0,1,Ju. Gomez de Liaño,2,jump shot,2018.10.21,FFVA,0
4770,UP,UE,1,0,8,1,Ju. Gomez de Liaño,2,lay up,2018.10.21,FFVA,2
4771,UP,UE,0,-19,7,13,J. Manzo,2,jump shot,2018.10.21,FFVA,0
4772,UP,UE,0,-5,10,0,B. Akhuetie,2,jump shot,2018.10.21,FFVA,0
4773,UP,UE,1,7,4,10,D. Murrell,2,jump shot,2018.10.21,FFVA,2
4774,UP,UE,0,-35,69,13,J. Manzo,3,jump shot,2018.10.21,FFVA,0
4775,UP,UE,1,-9,5,0,B. Akhuetie,2,jump shot,2018.10.21,FFVA,2
4776,UP,UE,0,-63,37,1,Ju. Gomez de Liaño,3,jump shot,2018.10.21,FFVA,0
4777,UP,UE,0,-57,53,18,P. Desiderio,3,jump shot,2018.10.21,FFVA,0
4778,UP,UE,1,8,2,0,B. Akhuetie,2,lay up,2018.10.21,FFVA,2
4779,UP,UE,0,5,83,18,P. Desiderio,3,jump shot,2018.10.21,FFVA,0
4780,UP,UE,0,-7,2,17,F. Jaboneta,2,jump shot,2018.10.21,FFVA,0
4781,UP,UE,1,5,2,18,P. Desiderio,2,jump shot,2018.10.21,FFVA,2
4782,UP,UE,1,42,24,1,Ju. Gomez de Liaño,2,jump shot,2018.10.21,FFVA,2
4783,UP,UE,0,45,64,1,Ju. Gomez de Liaño,3,jump shot,2018.10.21,FFVA,0
4784,UP,UE,1,-7,2,0,B. Akhuetie,2,lay up,2018.10.21,FFVA,2
4785,UP,UE,1,-70,4,17,F. Jaboneta,3,jump shot,2018.10.21,FFVA,3
4786,UP,UE,0,-70,-1,18,P. Desiderio,3,jump shot,2018.10.21,FFVA,0
4787,UP,UE,1,9,2,1,Ju. Gomez de Liaño,2,jump shot,2018.10.21,FFVA,2
4788,UP,UE,0,1,33,18,P. Desiderio,3,jump shot,2018.10.21,FFVA,0
4789,UP,UE,0,-2,75,1,Ju. Gomez de Liaño,3,jump shot,2018.10.21,FFVA,0
4790,UP,UE,1,1,14,5,D. Dario,2,lay up,2018.10.21,FFVA,2
4791,UP,UE,0,19,20,15,C. Vito,2,jump shot,2018.10.21,FFVA,0
4792,UP,UE,1,70,24,5,D. Dario,3,jump shot,2018.10.21,FFVA,3
4793,UP,UE,1,37,67,5,D. Dario,3,jump shot,2018.10.21,FFVA,3
4794,UP,UE,0,56,57,1,Ju. Gomez de Liaño,3,jump shot,2018.10.21,FFVA,0
4795,UP,UE,1,-7,6,0,B. Akhuetie,2,jump shot,2018.10.21,FFVA,2
4796,UP,UE,0,-65,40,5,D. Dario,3,jump shot,2018.10.21,FFVA,0
4797,UP,UE,1,-15,6,0,B. Akhuetie,2,jump shot,2018.10.21,FFVA,2
4798,UP,UE,1,-40,67,18,P. Desiderio,3,jump shot,2018.10.21,FFVA,3
4799,UP,UE,1,-7,2,0,B. Akhuetie,2,jump shot,2018.10.21,FFVA,2
4800,UP,UE,0,-67,-3,17,F. Jaboneta,3,jump shot,2018.10.21,FFVA,0
4801,UP,UE,1,-14,18,5,D. Dario,2,jump shot,2018.10.21,FFVA,2
4802,UP,UE,0,0,7,1,Ju. Gomez de Liaño,2,jump shot,2018.10.21,FFVA,0
4803,UP,UE,0,-56,51,18,P. Desiderio,3,jump shot,2018.10.21,FFVA,0
4804,UP,UE,0,72,0,17,F. Jaboneta,3,jump shot,2018.10.21,FFVA,0
4805,UP,UE,1,7,3,13,J. Manzo,2,lay up,2018.10.21,FFVA,2
4806,UP,UE,1,1,10,0,B. Akhuetie,2,jump shot,2018.10.21,FFVA,2
4807,UP,UE,0,-40,2,10,D. Murrell,2,jump shot,2018.10.21,FFVA,0
4808,UP,UE,1,-6,4,1,Ju. Gomez de Liaño,2,lay up,2018.10.21,FFVA,2
4809,UE,UP,1,4,41,23,A. Pasaol,2,jump shot,2018.10.21,FFVA,2
4810,UE,UP,1,22,12,23,A. Pasaol,2,jump shot,2018.10.21,FFVA,2
4811,UE,UP,0,-47,20,23,A. Pasaol,2,jump shot,2018.10.21,FFVA,0
4812,UE,UP,0,13,8,13,J. Strait,2,jump shot,2018.10.21,FFVA,0
4813,UE,UP,0,-9,16,18,P. Manalang,2,jump shot,2018.10.21,FFVA,0
4814,UE,UP,0,-3,27,21,W. Bartolome,2,jump shot,2018.10.21,FFVA,0
4815,UE,UP,1,6,0,23,A. Pasaol,2,jump shot,2018.10.21,FFVA,2
4816,UE,UP,0,-18,10,21,W. Bartolome,2,jump shot,2018.10.21,FFVA,0
4817,UE,UP,0,-43,65,18,P. Manalang,3,jump shot,2018.10.21,FFVA,0
4818,UE,UP,1,-7,2,1,C. Conner,2,lay up,2018.10.21,FFVA,2
4819,UE,UP,1,-10,4,18,P. Manalang,2,lay up,2018.10.21,FFVA,2
4820,UE,UP,1,9,3,13,J. Strait,2,lay up,2018.10.21,FFVA,2
4821,UE,UP,0,8,18,9,J. Varilla,2,jump shot,2018.10.21,FFVA,0
4822,UE,UP,1,1,6,9,J. Varilla,2,lay up,2018.10.21,FFVA,2
4823,UE,UP,0,-37,18,17,R. Acuno,2,jump shot,2018.10.21,FFVA,0
4824,UE,UP,0,50,61,9,J. Varilla,3,jump shot,2018.10.21,FFVA,0
4825,UE,UP,1,37,65,26,J. Cullar,3,jump shot,2018.10.21,FFVA,3
4826,UE,UP,1,67,34,9,J. Varilla,3,jump shot,2018.10.21,FFVA,3
4827,UE,UP,0,-70,0,23,A. Pasaol,3,jump shot,2018.10.21,FFVA,0
4828,UE,UP,0,22,71,9,J. Varilla,3,jump shot,2018.10.21,FFVA,0
4829,UE,UP,1,6,0,7,A. Beltran,2,jump shot,2018.10.21,FFVA,2
4830,UE,UP,0,52,48,18,P. Manalang,3,jump shot,2018.10.21,FFVA,0
4831,UE,UP,0,0,62,23,A. Pasaol,2,jump shot,2018.10.21,FFVA,0
4832,UE,UP,1,-9,6,23,A. Pasaol,2,lay up,2018.10.21,FFVA,2
4833,UE,UP,1,-19,14,23,A. Pasaol,2,jump shot,2018.10.21,FFVA,2
4834,UE,UP,1,-17,7,23,A. Pasaol,2,jump shot,2018.10.21,FFVA,2
4835,UE,UP,0,7,4,23,A. Pasaol,2,jump shot,2018.10.21,FFVA,0
4836,UE,UP,0,6,6,23,A. Pasaol,2,jump shot,2018.10.21,FFVA,0
4837,UE,UP,1,-7,0,1,C. Conner,2,jump shot,2018.10.21,FFVA,2
4838,UE,UP,1,0,36,18,P. Manalang,2,jump shot,2018.10.21,FFVA,2
4839,UE,UP,1,-61,50,1,C. Conner,3,jump shot,2018.10.21,FFVA,3
4840,UE,UP,0,-11,72,9,J. Varilla,3,jump shot,2018.10.21,FFVA,0
4841,UE,UP,0,-18,21,18,P. Manalang,2,jump shot,2018.10.21,FFVA,0
4842,UE,UP,1,-7,2,23,A. Pasaol,2,lay up,2018.10.21,FFVA,2
4843,UE,UP,0,-7,53,23,A. Pasaol,2,jump shot,2018.10.21,FFVA,0
4844,UE,UP,0,3,18,23,A. Pasaol,2,jump shot,2018.10.21,FFVA,0
4845,UE,UP,1,-8,4,23,A. Pasaol,2,lay up,2018.10.21,FFVA,2
4846,UE,UP,0,-48,99,9,J. Varilla,3,jump shot,2018.10.21,FFVA,0
4847,UE,UP,0,42,12,23,A. Pasaol,2,jump shot,2018.10.21,FFVA,0
4848,UE,UP,1,-6,2,23,A. Pasaol,2,lay up,2018.10.21,FFVA,2
4849,UE,UP,0,38,24,26,J. Cullar,2,jump shot,2018.10.21,FFVA,0
4850,UE,UP,1,-71,-3,18,P. Manalang,3,jump shot,2018.10.21,FFVA,3
4851,UE,UP,0,-2,53,23,A. Pasaol,2,jump shot,2018.10.21,FFVA,0
4852,UE,UP,1,-45,0,7,A. Beltran,2,jump shot,2018.10.21,FFVA,2
4853,UE,UP,1,59,0,1,C. Conner,2,jump shot,2018.10.21,FFVA,2
4854,UE,UP,0,31,68,7,A. Beltran,3,jump shot,2018.10.21,FFVA,0
4855,UE,UP,0,11,13,13,J. Strait,2,jump shot,2018.10.21,FFVA,0
4856,UE,UP,0,46,58,18,P. Manalang,3,jump shot,2018.10.21,FFVA,0
4857,UE,UP,0,-2,75,9,J. Varilla,3,jump shot,2018.10.21,FFVA,0
4858,UE,UP,1,-11,0,21,W. Bartolome,2,jump shot,2018.10.21,FFVA,2
4859,UE,UP,1,6,4,23,A. Pasaol,2,jump shot,2018.10.21,FFVA,2
4860,UE,UP,1,-9,2,18,P. Manalang,2,lay up,2018.10.21,FFVA,2
4861,UE,UP,0,-17,-2,1,C. Conner,2,jump shot,2018.10.21,FFVA,0
4862,UE,UP,0,-2,75,18,P. Manalang,3,jump shot,2018.10.21,FFVA,0
4863,UE,UP,1,-20,2,23,A. Pasaol,2,jump shot,2018.10.21,FFVA,2
4864,UE,UP,0,12,12,18,P. Manalang,2,jump shot,2018.10.21,FFVA,0
4865,UE,UP,0,53,6,1,C. Conner,2,jump shot,2018.10.21,FFVA,0
4866,UE,UP,0,16,53,13,J. Strait,2,jump shot,2018.10.21,FFVA,0
4867,UE,UP,0,-69,0,1,C. Conner,3,jump shot,2018.10.21,FFVA,0
4868,UE,UP,0,-37,40,9,J. Varilla,2,jump shot,2018.10.21,FFVA,0
4869,UE,UP,1,13,73,81,J. Antiporda,3,jump shot,2018.10.21,FFVA,3
4870,UE,UP,1,-30,64,9,J. Varilla,3,jump shot,2018.10.21,FFVA,3
4871,UE,UP,0,64,38,9,J. Varilla,3,jump shot,2018.10.21,FFVA,0
4872,UE,UP,0,-1,12,1,C. Conner,2,jump shot,2018.10.21,FFVA,0
4873,UE,UP,1,-5,16,23,A. Pasaol,2,jump shot,2018.10.21,FFVA,2
4874,UE,UP,0,-7,8,23,A. Pasaol,2,jump shot,2018.10.21,FFVA,0
4875,UE,UP,1,-19,2,18,P. Manalang,2,lay up,2018.10.21,FFVA,2
4876,UE,UP,1,10,55,18,P. Manalang,2,jump shot,2018.10.21,FFVA,2
4877,ADMU,UE,0,-46,17,22,R. Verano,2,jump shot,2018.10.24,SAC,0
4878,ADMU,UE,1,-2,7,19,T. Tio,2,lay up,2018.10.24,SAC,2
4879,ADMU,UE,0,6,12,22,R. Verano,2,jump shot,2018.10.24,SAC,0
4880,ADMU,UE,0,-15,79,0,T. Ravena,3,jump shot,2018.10.24,SAC,0
4881,ADMU,UE,0,4,4,34,A. Kouame,2,jump shot,2018.10.24,SAC,0
4882,ADMU,UE,1,-3,2,34,A. Kouame,2,jump shot,2018.10.24,SAC,2
4883,ADMU,UE,1,55,49,22,R. Verano,3,jump shot,2018.10.24,SAC,3
4884,ADMU,UE,0,4,79,0,T. Ravena,3,jump shot,2018.10.24,SAC,0
4885,ADMU,UE,0,71,29,19,T. Tio,3,jump shot,2018.10.24,SAC,0
4886,ADMU,UE,0,-9,15,0,T. Ravena,2,jump shot,2018.10.24,SAC,0
4887,ADMU,UE,1,5,2,22,R. Verano,2,lay up,2018.10.24,SAC,2
4888,ADMU,UE,1,51,70,22,R. Verano,3,jump shot,2018.10.24,SAC,3
4889,ADMU,UE,1,-7,6,34,A. Kouame,2,jump shot,2018.10.24,SAC,2
4890,ADMU,UE,0,7,11,0,T. Ravena,2,jump shot,2018.10.24,SAC,0
4891,ADMU,UE,1,1,2,34,A. Kouame,2,dunk,2018.10.24,SAC,2
4892,ADMU,UE,1,-3,0,0,T. Ravena,2,jump shot,2018.10.24,SAC,2
4893,ADMU,UE,0,21,5,22,R. Verano,2,jump shot,2018.10.24,SAC,0
4894,ADMU,UE,1,4,-1,10,J. Mendoza,2,lay up,2018.10.24,SAC,2
4895,ADMU,UE,1,-4,1,22,R. Verano,2,lay up,2018.10.24,SAC,2
4896,ADMU,UE,1,-5,2,10,J. Mendoza,2,lay up,2018.10.24,SAC,2
4897,ADMU,UE,0,-51,83,13,W. Navarro,3,jump shot,2018.10.24,SAC,0
4898,ADMU,UE,0,-47,56,3,A. Wong,3,jump shot,2018.10.24,SAC,0
4899,ADMU,UE,0,70,35,10,J. Mendoza,3,jump shot,2018.10.24,SAC,0
4900,ADMU,UE,1,-67,38,10,J. Mendoza,3,jump shot,2018.10.24,SAC,3
4901,ADMU,UE,0,-6,7,13,W. Navarro,2,jump shot,2018.10.24,SAC,0
4902,ADMU,UE,1,7,3,13,W. Navarro,2,jump shot,2018.10.24,SAC,2
4903,ADMU,UE,1,-3,6,13,W. Navarro,2,jump shot,2018.10.24,SAC,2
4904,ADMU,UE,1,60,50,10,J. Mendoza,3,jump shot,2018.10.24,SAC,3
4905,ADMU,UE,0,66,48,10,J. Mendoza,3,jump shot,2018.10.24,SAC,0
4906,ADMU,UE,0,69,41,13,W. Navarro,3,jump shot,2018.10.24,SAC,0
4907,ADMU,UE,0,-9,-1,27,S. Belangel,2,jump shot,2018.10.24,SAC,0
4908,ADMU,UE,0,-54,52,13,W. Navarro,3,jump shot,2018.10.24,SAC,0
4909,ADMU,UE,1,-1,6,0,T. Ravena,2,dunk,2018.10.24,SAC,2
4910,ADMU,UE,1,-2,5,27,S. Belangel,2,lay up,2018.10.24,SAC,2
4911,ADMU,UE,1,7,2,34,A. Kouame,2,jump shot,2018.10.24,SAC,2
4912,ADMU,UE,1,29,30,27,S. Belangel,2,jump shot,2018.10.24,SAC,2
4913,ADMU,UE,0,37,69,19,T. Tio,3,jump shot,2018.10.24,SAC,0
4914,ADMU,UE,0,62,71,8,A. Black,3,jump shot,2018.10.24,SAC,0
4915,ADMU,UE,1,25,71,19,T. Tio,3,jump shot,2018.10.24,SAC,3
4916,ADMU,UE,0,-9,0,34,A. Kouame,2,jump shot,2018.10.24,SAC,0
4917,ADMU,UE,1,74,-1,8,A. Black,3,jump shot,2018.10.24,SAC,3
4918,ADMU,UE,0,-59,57,19,T. Tio,3,jump shot,2018.10.24,SAC,0
4919,ADMU,UE,1,-4,4,21,M. Daves,2,jump shot,2018.10.24,SAC,2
4920,ADMU,UE,0,0,3,4,A. Asistio,2,jump shot,2018.10.24,SAC,0
4921,ADMU,UE,0,49,-1,0,T. Ravena,2,jump shot,2018.10.24,SAC,0
4922,ADMU,UE,0,-21,-7,22,R. Verano,2,jump shot,2018.10.24,SAC,0
4923,ADMU,UE,0,-6,11,0,T. Ravena,2,jump shot,2018.10.24,SAC,0
4924,ADMU,UE,0,27,14,0,T. Ravena,2,jump shot,2018.10.24,SAC,0
4925,ADMU,UE,0,-13,-2,22,R. Verano,2,jump shot,2018.10.24,SAC,0
4926,ADMU,UE,1,-59,48,5,G. Mamuyac,3,jump shot,2018.10.24,SAC,3
4927,ADMU,UE,0,-10,-2,4,A. Asistio,2,jump shot,2018.10.24,SAC,0
4928,ADMU,UE,1,-3,85,19,T. Tio,3,jump shot,2018.10.24,SAC,3
4929,ADMU,UE,0,-60,59,3,A. Wong,3,jump shot,2018.10.24,SAC,0
4930,ADMU,UE,0,-61,59,5,G. Mamuyac,3,jump shot,2018.10.24,SAC,0
4931,ADMU,UE,1,20,8,34,A. Kouame,2,jump shot,2018.10.24,SAC,2
4932,ADMU,UE,0,-60,50,22,R. Verano,3,jump shot,2018.10.24,SAC,0
4933,ADMU,UE,1,9,4,22,R. Verano,2,jump shot,2018.10.24,SAC,2
4934,ADMU,UE,1,5,1,5,G. Mamuyac,2,lay up,2018.10.24,SAC,2
4935,ADMU,UE,0,58,20,5,G. Mamuyac,2,jump shot,2018.10.24,SAC,0
4936,ADMU,UE,1,-29,4,22,R. Verano,2,jump shot,2018.10.24,SAC,2
4937,ADMU,UE,0,-36,39,10,J. Mendoza,2,jump shot,2018.10.24,SAC,0
4938,ADMU,UE,1,2,20,27,S. Belangel,2,jump shot,2018.10.24,SAC,2
4939,ADMU,UE,0,-15,-2,0,T. Ravena,2,jump shot,2018.10.24,SAC,0
4940,ADMU,UE,0,-13,3,22,R. Verano,2,jump shot,2018.10.24,SAC,0
4941,ADMU,UE,0,-67,29,13,W. Navarro,3,jump shot,2018.10.24,SAC,0
4942,ADMU,UE,1,4,2,0,T. Ravena,2,jump shot,2018.10.24,SAC,2
4943,ADMU,UE,0,16,72,13,W. Navarro,3,jump shot,2018.10.24,SAC,0
4944,ADMU,UE,1,49,58,0,T. Ravena,3,jump shot,2018.10.24,SAC,3
4945,ADMU,UE,1,-32,42,19,T. Tio,2,jump shot,2018.10.24,SAC,2
4946,ADMU,UE,1,2,5,19,T. Tio,2,jump shot,2018.10.24,SAC,2
4947,ADMU,UE,0,-12,-1,22,R. Verano,2,jump shot,2018.10.24,SAC,0
4948,ADMU,UE,1,-10,3,34,A. Kouame,2,jump shot,2018.10.24,SAC,2
4949,ADMU,UE,0,-10,0,22,R. Verano,2,jump shot,2018.10.24,SAC,0
4950,ADMU,UE,0,56,48,4,A. Asistio,3,jump shot,2018.10.24,SAC,0
4951,ADMU,UE,0,-6,0,0,T. Ravena,2,jump shot,2018.10.24,SAC,0
4952,UE,ADMU,0,-43,6,21,W. Bartolome,2,jump shot,2018.10.24,SAC,0
4953,UE,ADMU,0,39,9,21,W. Bartolome,2,jump shot,2018.10.24,SAC,0
4954,UE,ADMU,0,73,-3,13,J. Strait,3,jump shot,2018.10.24,SAC,0
4955,UE,ADMU,0,63,38,18,P. Manalang,3,jump shot,2018.10.24,SAC,0
4956,UE,ADMU,1,70,-2,9,J. Varilla,3,jump shot,2018.10.24,SAC,3
4957,UE,ADMU,1,57,56,23,A. Pasaol,3,jump shot,2018.10.24,SAC,3
4958,UE,ADMU,1,3,19,13,J. Strait,2,jump shot,2018.10.24,SAC,2
4959,UE,ADMU,1,-7,6,23,A. Pasaol,2,lay up,2018.10.24,SAC,2
4960,UE,ADMU,0,-8,4,23,A. Pasaol,2,jump shot,2018.10.24,SAC,0
4961,UE,ADMU,1,-57,14,23,A. Pasaol,2,jump shot,2018.10.24,SAC,2
4962,UE,ADMU,0,-7,5,9,J. Varilla,2,jump shot,2018.10.24,SAC,0
4963,UE,ADMU,0,-52,59,23,A. Pasaol,3,jump shot,2018.10.24,SAC,0
4964,UE,ADMU,0,-75,52,9,J. Varilla,3,jump shot,2018.10.24,SAC,0
4965,UE,ADMU,1,10,-1,18,P. Manalang,2,lay up,2018.10.24,SAC,2
4966,UE,ADMU,1,53,4,26,J. Cullar,2,jump shot,2018.10.24,SAC,2
4967,UE,ADMU,0,-20,0,13,J. Strait,2,jump shot,2018.10.24,SAC,0
4968,UE,ADMU,1,-3,0,18,P. Manalang,2,lay up,2018.10.24,SAC,2
4969,UE,ADMU,0,71,11,18,P. Manalang,3,jump shot,2018.10.24,SAC,0
4970,UE,ADMU,0,-33,2,18,P. Manalang,2,jump shot,2018.10.24,SAC,0
4971,UE,ADMU,1,5,5,23,A. Pasaol,2,jump shot,2018.10.24,SAC,2
4972,UE,ADMU,0,71,-5,23,A. Pasaol,3,jump shot,2018.10.24,SAC,0
4973,UE,ADMU,0,-30,8,23,A. Pasaol,2,jump shot,2018.10.24,SAC,0
4974,UE,ADMU,0,-11,6,21,W. Bartolome,2,jump shot,2018.10.24,SAC,0
4975,UE,ADMU,0,-51,42,21,W. Bartolome,2,jump shot,2018.10.24,SAC,0
4976,UE,ADMU,0,-70,-8,81,J. Antiporda,3,jump shot,2018.10.24,SAC,0
4977,UE,ADMU,0,-25,-1,23,A. Pasaol,2,jump shot,2018.10.24,SAC,0
4978,UE,ADMU,0,52,60,9,J. Varilla,3,jump shot,2018.10.24,SAC,0
4979,UE,ADMU,1,3,1,18,P. Manalang,2,lay up,2018.10.24,SAC,2
4980,UE,ADMU,1,4,2,26,J. Cullar,2,lay up,2018.10.24,SAC,2
4981,UE,ADMU,0,-58,58,23,A. Pasaol,3,jump shot,2018.10.24,SAC,0
4982,UE,ADMU,1,50,59,18,P. Manalang,3,jump shot,2018.10.24,SAC,3
4983,UE,ADMU,1,-2,2,23,A. Pasaol,2,jump shot,2018.10.24,SAC,2
4984,UE,ADMU,1,-2,5,26,J. Cullar,2,jump shot,2018.10.24,SAC,2
4985,UE,ADMU,1,0,2,9,J. Varilla,2,lay up,2018.10.24,SAC,2
4986,UE,ADMU,0,8,3,26,J. Cullar,2,jump shot,2018.10.24,SAC,0
4987,UE,ADMU,1,11,16,18,P. Manalang,2,jump shot,2018.10.24,SAC,2
4988,UE,ADMU,1,5,52,9,J. Varilla,2,jump shot,2018.10.24,SAC,2
4989,UE,ADMU,1,-2,0,23,A. Pasaol,2,lay up,2018.10.24,SAC,2
4990,UE,ADMU,1,-5,3,23,A. Pasaol,2,lay up,2018.10.24,SAC,2
4991,UE,ADMU,0,-1,4,23,A. Pasaol,2,jump shot,2018.10.24,SAC,0
4992,UE,ADMU,0,45,61,23,A. Pasaol,3,jump shot,2018.10.24,SAC,0
4993,UE,ADMU,0,-57,31,23,A. Pasaol,2,jump shot,2018.10.24,SAC,0
4994,UE,ADMU,1,-69,11,18,P. Manalang,3,jump shot,2018.10.24,SAC,3
4995,UE,ADMU,0,-9,-4,18,P. Manalang,2,jump shot,2018.10.24,SAC,0
4996,UE,ADMU,0,2,0,23,A. Pasaol,2,jump shot,2018.10.24,SAC,0
4997,UE,ADMU,0,-53,2,9,J. Varilla,2,jump shot,2018.10.24,SAC,0
4998,UE,ADMU,0,56,84,23,A. Pasaol,3,jump shot,2018.10.24,SAC,0
4999,UE,ADMU,0,1,15,23,A. Pasaol,2,jump shot,2018.10.24,SAC,0
5000,UE,ADMU,1,2,1,23,A. Pasaol,2,jump shot,2018.10.24,SAC,2
5001,UE,ADMU,1,1,1,23,A. Pasaol,2,lay up,2018.10.24,SAC,2
5002,UE,ADMU,1,0,0,23,A. Pasaol,2,jump shot,2018.10.24,SAC,2
5003,UE,ADMU,1,-5,14,23,A. Pasaol,2,jump shot,2018.10.24,SAC,2
5004,UE,ADMU,0,74,24,23,A. Pasaol,3,jump shot,2018.10.24,SAC,0
5005,UE,ADMU,1,-4,0,21,W. Bartolome,2,jump shot,2018.10.24,SAC,2
5006,UE,ADMU,0,-48,65,18,P. Manalang,3,jump shot,2018.10.24,SAC,0
5007,UE,ADMU,1,-2,0,23,A. Pasaol,2,jump shot,2018.10.24,SAC,2
5008,UE,ADMU,1,-33,29,21,W. Bartolome,2,jump shot,2018.10.24,SAC,2
5009,UE,ADMU,0,15,7,13,J. Strait,2,jump shot,2018.10.24,SAC,0
5010,UE,ADMU,0,23,15,18,P. Manalang,2,jump shot,2018.10.24,SAC,0
5011,UE,ADMU,0,75,36,13,J. Strait,3,jump shot,2018.10.24,SAC,0
5012,UE,ADMU,1,-5,6,23,A. Pasaol,2,jump shot,2018.10.24,SAC,2
5013,UP,FEU,1,71,21,18,P. Desiderio,3,jump shot,2018.10.24,SAC,3
5014,UP,FEU,1,2,0,0,B. Akhuetie,2,jump shot,2018.10.24,SAC,2
5015,UP,FEU,1,60,42,18,P. Desiderio,3,jump shot,2018.10.24,SAC,3
5016,UP,FEU,0,1,17,13,J. Manzo,2,jump shot,2018.10.24,SAC,0
5017,UP,FEU,1,-2,-3,13,J. Manzo,2,lay up,2018.10.24,SAC,2
5018,UP,FEU,1,2,0,0,B. Akhuetie,2,jump shot,2018.10.24,SAC,2
5019,UP,FEU,1,5,3,0,B. Akhuetie,2,lay up,2018.10.24,SAC,2
5020,UP,FEU,1,-2,4,13,J. Manzo,2,lay up,2018.10.24,SAC,2
5021,UP,FEU,1,-44,60,18,P. Desiderio,3,jump shot,2018.10.24,SAC,3
5022,UP,FEU,1,39,69,18,P. Desiderio,3,jump shot,2018.10.24,SAC,3
5023,UP,FEU,0,0,7,0,B. Akhuetie,2,jump shot,2018.10.24,SAC,0
5024,UP,FEU,1,68,9,18,P. Desiderio,3,jump shot,2018.10.24,SAC,3
5025,UP,FEU,1,-6,3,0,B. Akhuetie,2,jump shot,2018.10.24,SAC,2
5026,UP,FEU,1,69,-2,5,D. Dario,3,jump shot,2018.10.24,SAC,3
5027,UP,FEU,1,74,-5,18,P. Desiderio,3,jump shot,2018.10.24,SAC,3
5028,UP,FEU,0,-8,3,5,D. Dario,2,jump shot,2018.10.24,SAC,0
5029,UP,FEU,0,-14,56,1,Ju. Gomez de Liaño,2,jump shot,2018.10.24,SAC,0
5030,UP,FEU,0,12,3,19,W. Gozum,2,jump shot,2018.10.24,SAC,0
5031,UP,FEU,1,-7,2,1,Ju. Gomez de Liaño,2,lay up,2018.10.24,SAC,2
5032,UP,FEU,1,-37,23,19,W. Gozum,2,jump shot,2018.10.24,SAC,2
5033,UP,FEU,0,-24,21,6,Ja. Gomez de Liaño,2,jump shot,2018.10.24,SAC,0
5034,UP,FEU,0,47,25,18,P. Desiderio,2,jump shot,2018.10.24,SAC,0
5035,UP,FEU,1,6,2,6,Ja. Gomez de Liaño,2,jump shot,2018.10.24,SAC,2
5036,UP,FEU,0,-57,58,1,Ju. Gomez de Liaño,3,jump shot,2018.10.24,SAC,0
5037,UP,FEU,1,63,49,13,J. Manzo,3,jump shot,2018.10.24,SAC,3
5038,UP,FEU,0,4,4,6,Ja. Gomez de Liaño,2,jump shot,2018.10.24,SAC,0
5039,UP,FEU,0,62,60,12,J. Lim,3,jump shot,2018.10.24,SAC,0
5040,UP,FEU,1,1,2,13,J. Manzo,2,jump shot,2018.10.24,SAC,2
5041,UP,FEU,0,10,2,6,Ja. Gomez de Liaño,2,jump shot,2018.10.24,SAC,0
5042,UP,FEU,1,3,6,0,B. Akhuetie,2,jump shot,2018.10.24,SAC,2
5043,UP,FEU,0,58,49,13,J. Manzo,3,jump shot,2018.10.24,SAC,0
5044,UP,FEU,1,5,6,6,Ja. Gomez de Liaño,2,jump shot,2018.10.24,SAC,2
5045,UP,FEU,0,65,43,13,J. Manzo,3,jump shot,2018.10.24,SAC,0
5046,UP,FEU,1,51,22,1,Ju. Gomez de Liaño,2,jump shot,2018.10.24,SAC,2
5047,UP,FEU,0,34,17,1,Ju. Gomez de Liaño,2,jump shot,2018.10.24,SAC,0
5048,UP,FEU,0,28,90,1,Ju. Gomez de Liaño,3,jump shot,2018.10.24,SAC,0
5049,UP,FEU,0,60,65,18,P. Desiderio,3,jump shot,2018.10.24,SAC,0
5050,UP,FEU,1,-9,0,18,P. Desiderio,2,jump shot,2018.10.24,SAC,2
5051,UP,FEU,0,-8,78,15,C. Vito,3,jump shot,2018.10.24,SAC,0
5052,UP,FEU,1,26,6,17,F. Jaboneta,2,jump shot,2018.10.24,SAC,2
5053,UP,FEU,1,-6,9,18,P. Desiderio,2,jump shot,2018.10.24,SAC,2
5054,UP,FEU,0,5,83,13,J. Manzo,3,jump shot,2018.10.24,SAC,0
5055,UP,FEU,1,8,3,1,Ju. Gomez de Liaño,2,jump shot,2018.10.24,SAC,2
5056,UP,FEU,0,-13,11,0,B. Akhuetie,2,jump shot,2018.10.24,SAC,0
5057,UP,FEU,1,18,2,0,B. Akhuetie,2,jump shot,2018.10.24,SAC,2
5058,UP,FEU,1,-72,23,18,P. Desiderio,3,jump shot,2018.10.24,SAC,3
5059,UP,FEU,0,43,-6,18,P. Desiderio,2,jump shot,2018.10.24,SAC,0
5060,UP,FEU,1,3,3,18,P. Desiderio,2,jump shot,2018.10.24,SAC,2
5061,UP,FEU,0,-30,-6,20,J. Prado,2,jump shot,2018.10.24,SAC,0
5062,UP,FEU,1,48,58,5,D. Dario,3,jump shot,2018.10.24,SAC,3
5063,UP,FEU,1,8,4,1,Ju. Gomez de Liaño,2,lay up,2018.10.24,SAC,2
5064,UP,FEU,1,6,5,0,B. Akhuetie,2,jump shot,2018.10.24,SAC,2
5065,UP,FEU,0,47,16,1,Ju. Gomez de Liaño,2,jump shot,2018.10.24,SAC,0
5066,UP,FEU,0,72,39,18,P. Desiderio,3,jump shot,2018.10.24,SAC,0
5067,UP,FEU,0,-70,28,5,D. Dario,3,jump shot,2018.10.24,SAC,0
5068,UP,FEU,1,-8,3,18,P. Desiderio,2,jump shot,2018.10.24,SAC,2
5069,UP,FEU,0,30,-4,18,P. Desiderio,2,jump shot,2018.10.24,SAC,0
5070,UP,FEU,0,-64,58,1,Ju. Gomez de Liaño,3,jump shot,2018.10.24,SAC,0
5071,UP,FEU,0,-1,-4,0,B. Akhuetie,2,jump shot,2018.10.24,SAC,0
5072,UP,FEU,1,8,5,0,B. Akhuetie,2,jump shot,2018.10.24,SAC,2
5073,UP,FEU,0,4,7,0,B. Akhuetie,2,jump shot,2018.10.24,SAC,0
5074,UP,FEU,1,-3,2,18,P. Desiderio,2,lay up,2018.10.24,SAC,2
5075,UP,FEU,1,-3,13,1,Ju. Gomez de Liaño,2,lay up,2018.10.24,SAC,2
5076,UP,FEU,0,25,32,6,Ja. Gomez de Liaño,2,jump shot,2018.10.24,SAC,0
5077,UP,FEU,0,-71,37,1,Ju. Gomez de Liaño,3,jump shot,2018.10.24,SAC,0
5078,UP,FEU,0,-10,4,17,F. Jaboneta,2,jump shot,2018.10.24,SAC,0
5079,UP,FEU,0,-2,13,18,P. Desiderio,2,jump shot,2018.10.24,SAC,0
5080,UP,FEU,0,4,-5,13,J. Manzo,2,jump shot,2018.10.24,SAC,0
5081,UP,FEU,1,11,0,1,Ju. Gomez de Liaño,2,jump shot,2018.10.24,SAC,2
5082,FEU,UP,0,-55,56,21,R. Escoto,3,jump shot,2018.10.24,SAC,0
5083,FEU,UP,1,1,1,8,B. Ebona,2,jump shot,2018.10.24,SAC,2
5084,FEU,UP,0,42,64,3,J. Parker,3,jump shot,2018.10.24,SAC,0
5085,FEU,UP,0,45,45,9,H. Cani,2,jump shot,2018.10.24,SAC,0
5086,FEU,UP,0,-14,0,21,R. Escoto,2,jump shot,2018.10.24,SAC,0
5087,FEU,UP,1,-7,0,8,B. Ebona,2,jump shot,2018.10.24,SAC,2
5088,FEU,UP,1,4,10,21,R. Escoto,2,jump shot,2018.10.24,SAC,2
5089,FEU,UP,0,-72,-3,3,J. Parker,3,jump shot,2018.10.24,SAC,0
5090,FEU,UP,0,67,0,20,K. Tuffin,3,jump shot,2018.10.24,SAC,0
5091,FEU,UP,1,71,-4,9,H. Cani,3,jump shot,2018.10.24,SAC,3
5092,FEU,UP,0,48,66,9,H. Cani,3,jump shot,2018.10.24,SAC,0
5093,FEU,UP,1,67,-10,15,B. Bienes,3,jump shot,2018.10.24,SAC,3
5094,FEU,UP,1,-10,3,3,J. Parker,2,jump shot,2018.10.24,SAC,2
5095,FEU,UP,1,34,48,10,W. Comboy,2,jump shot,2018.10.24,SAC,2
5096,FEU,UP,0,-73,0,15,B. Bienes,3,jump shot,2018.10.24,SAC,0
5097,FEU,UP,1,-39,71,10,W. Comboy,3,jump shot,2018.10.24,SAC,3
5098,FEU,UP,1,-73,3,15,B. Bienes,3,jump shot,2018.10.24,SAC,3
5099,FEU,UP,1,-5,5,8,B. Ebona,2,jump shot,2018.10.24,SAC,2
5100,FEU,UP,0,-67,47,5,A. Inigo,3,jump shot,2018.10.24,SAC,0
5101,FEU,UP,1,-12,24,5,A. Inigo,2,jump shot,2018.10.24,SAC,2
5102,FEU,UP,0,59,57,5,A. Inigo,3,jump shot,2018.10.24,SAC,0
5103,FEU,UP,0,-59,48,10,W. Comboy,3,jump shot,2018.10.24,SAC,0
5104,FEU,UP,0,9,4,10,W. Comboy,2,jump shot,2018.10.24,SAC,0
5105,FEU,UP,1,63,39,15,B. Bienes,3,jump shot,2018.10.24,SAC,3
5106,FEU,UP,0,-61,55,21,R. Escoto,3,jump shot,2018.10.24,SAC,0
5107,FEU,UP,1,-43,52,21,R. Escoto,2,jump shot,2018.10.24,SAC,2
5108,FEU,UP,0,-14,2,8,B. Ebona,2,jump shot,2018.10.24,SAC,0
5109,FEU,UP,1,2,12,8,B. Ebona,2,jump shot,2018.10.24,SAC,2
5110,FEU,UP,0,43,5,9,H. Cani,2,jump shot,2018.10.24,SAC,0
5111,FEU,UP,0,35,75,3,J. Parker,3,jump shot,2018.10.24,SAC,0
5112,FEU,UP,0,-55,72,10,W. Comboy,3,jump shot,2018.10.24,SAC,0
5113,FEU,UP,0,-36,45,15,B. Bienes,2,jump shot,2018.10.24,SAC,0
5114,FEU,UP,0,46,68,10,W. Comboy,3,jump shot,2018.10.24,SAC,0
5115,FEU,UP,1,-23,0,10,W. Comboy,2,jump shot,2018.10.24,SAC,2
5116,FEU,UP,0,69,30,15,B. Bienes,3,jump shot,2018.10.24,SAC,0
5117,FEU,UP,1,-14,-2,9,H. Cani,2,lay up,2018.10.24,SAC,2
5118,FEU,UP,0,66,62,15,B. Bienes,3,jump shot,2018.10.24,SAC,0
5119,FEU,UP,1,-69,0,5,A. Inigo,3,jump shot,2018.10.24,SAC,3
5120,FEU,UP,0,-53,44,2,A. Stockton,3,jump shot,2018.10.24,SAC,0
5121,FEU,UP,0,7,85,10,W. Comboy,3,jump shot,2018.10.24,SAC,0
5122,FEU,UP,1,2,0,8,B. Ebona,2,lay up,2018.10.24,SAC,2
5123,FEU,UP,0,-10,0,10,W. Comboy,2,jump shot,2018.10.24,SAC,0
5124,FEU,UP,1,4,3,8,B. Ebona,2,jump shot,2018.10.24,SAC,2
5125,FEU,UP,0,-70,0,15,B. Bienes,3,jump shot,2018.10.24,SAC,0
5126,FEU,UP,1,4,0,2,A. Stockton,2,lay up,2018.10.24,SAC,2
5127,FEU,UP,0,-5,3,2,A. Stockton,2,jump shot,2018.10.24,SAC,0
5128,FEU,UP,1,-64,48,9,H. Cani,3,jump shot,2018.10.24,SAC,3
5129,FEU,UP,0,58,52,5,A. Inigo,3,jump shot,2018.10.24,SAC,0
5130,FEU,UP,1,-12,-6,20,K. Tuffin,2,jump shot,2018.10.24,SAC,2
5131,FEU,UP,0,71,53,10,W. Comboy,3,jump shot,2018.10.24,SAC,0
5132,FEU,UP,1,2,-1,21,R. Escoto,2,jump shot,2018.10.24,SAC,2
5133,FEU,UP,1,4,-1,21,R. Escoto,2,jump shot,2018.10.24,SAC,2
5134,FEU,UP,0,43,70,9,H. Cani,3,jump shot,2018.10.24,SAC,0
5135,FEU,UP,0,62,58,9,H. Cani,3,jump shot,2018.10.24,SAC,0
5136,FEU,UP,1,-71,2,11,R. Ramirez,3,jump shot,2018.10.24,SAC,3
5137,FEU,UP,1,-71,-5,15,B. Bienes,3,jump shot,2018.10.24,SAC,3
5138,FEU,UP,1,4,5,11,R. Ramirez,2,lay up,2018.10.24,SAC,2
5139,FEU,UP,0,-2,-2,10,W. Comboy,2,jump shot,2018.10.24,SAC,0
5140,FEU,UP,1,-59,49,10,W. Comboy,3,jump shot,2018.10.24,SAC,3
5141,FEU,UP,0,1,2,15,B. Bienes,2,jump shot,2018.10.24,SAC,0
5142,FEU,UP,0,7,-1,8,B. Ebona,2,jump shot,2018.10.24,SAC,0
5143,FEU,UP,0,-3,0,9,H. Cani,2,jump shot,2018.10.24,SAC,0
5144,FEU,UP,0,13,5,8,B. Ebona,2,jump shot,2018.10.24,SAC,0
5145,FEU,UP,0,9,7,8,B. Ebona,2,jump shot,2018.10.24,SAC,0
5146,FEU,UP,1,-4,3,9,H. Cani,2,lay up,2018.10.24,SAC,2
5147,FEU,UP,0,-58,55,9,H. Cani,3,jump shot,2018.10.24,SAC,0
5148,FEU,UP,0,31,45,10,W. Comboy,2,jump shot,2018.10.24,SAC,0
5149,FEU,UP,0,-19,-3,21,R. Escoto,2,jump shot,2018.10.24,SAC,0
5150,FEU,UP,1,6,3,15,B. Bienes,2,jump shot,2018.10.24,SAC,2
5151,FEU,UP,0,-71,-8,15,B. Bienes,3,jump shot,2018.10.24,SAC,0
5152,FEU,UP,1,-71,3,5,A. Inigo,3,jump shot,2018.10.24,SAC,3
5153,FEU,UP,0,5,79,11,R. Ramirez,3,jump shot,2018.10.24,SAC,0
5154,FEU,DLSU,0,-71,0,9,H. Cani,3,jump shot,2018.10.27,SAC,0
5155,FEU,DLSU,0,-7,6,8,B. Ebona,2,jump shot,2018.10.27,SAC,0
5156,FEU,DLSU,1,68,-2,10,W. Comboy,3,jump shot,2018.10.27,SAC,3
5157,FEU,DLSU,0,-1,23,15,B. Bienes,2,jump shot,2018.10.27,SAC,0
5158,FEU,DLSU,0,42,22,10,W. Comboy,2,jump shot,2018.10.27,SAC,0
5159,FEU,DLSU,0,-58,48,10,W. Comboy,3,jump shot,2018.10.27,SAC,0
5160,FEU,DLSU,0,60,43,15,B. Bienes,3,jump shot,2018.10.27,SAC,0
5161,FEU,DLSU,0,-6,4,10,W. Comboy,2,jump shot,2018.10.27,SAC,0
5162,FEU,DLSU,0,70,3,15,B. Bienes,3,jump shot,2018.10.27,SAC,0
5163,FEU,DLSU,1,-5,0,41,A. Tolentino,2,lay up,2018.10.27,SAC,2
5164,FEU,DLSU,1,31,66,21,R. Escoto,3,jump shot,2018.10.27,SAC,3
5165,FEU,DLSU,1,-6,0,11,R. Ramirez,2,lay up,2018.10.27,SAC,2
5166,FEU,DLSU,1,62,41,5,A. Inigo,3,jump shot,2018.10.27,SAC,3
5167,FEU,DLSU,1,7,2,2,A. Stockton,2,jump shot,2018.10.27,SAC,2
5168,FEU,DLSU,1,64,38,11,R. Ramirez,3,jump shot,2018.10.27,SAC,3
5169,FEU,DLSU,0,68,-4,9,H. Cani,3,jump shot,2018.10.27,SAC,0
5170,FEU,DLSU,1,6,6,9,H. Cani,2,jump shot,2018.10.27,SAC,2
5171,FEU,DLSU,1,49,54,41,A. Tolentino,3,jump shot,2018.10.27,SAC,3
5172,FEU,DLSU,1,8,30,3,J. Parker,2,jump shot,2018.10.27,SAC,2
5173,FEU,DLSU,0,40,38,15,B. Bienes,2,jump shot,2018.10.27,SAC,0
5174,FEU,DLSU,0,-38,67,10,W. Comboy,3,jump shot,2018.10.27,SAC,0
5175,FEU,DLSU,1,29,33,3,J. Parker,2,jump shot,2018.10.27,SAC,2
5176,FEU,DLSU,0,60,18,10,W. Comboy,2,jump shot,2018.10.27,SAC,0
5177,FEU,DLSU,0,-6,77,15,B. Bienes,3,jump shot,2018.10.27,SAC,0
5178,FEU,DLSU,1,-46,59,41,A. Tolentino,3,jump shot,2018.10.27,SAC,3
5179,FEU,DLSU,0,33,65,3,J. Parker,3,jump shot,2018.10.27,SAC,0
5180,FEU,DLSU,1,-7,3,41,A. Tolentino,2,lay up,2018.10.27,SAC,2
5181,FEU,DLSU,0,3,18,2,A. Stockton,2,jump shot,2018.10.27,SAC,0
5182,FEU,DLSU,1,-6,3,2,A. Stockton,2,jump shot,2018.10.27,SAC,2
5183,FEU,DLSU,0,45,0,21,R. Escoto,2,jump shot,2018.10.27,SAC,0
5184,FEU,DLSU,0,56,47,41,A. Tolentino,3,jump shot,2018.10.27,SAC,0
5185,FEU,DLSU,1,-6,56,9,H. Cani,2,jump shot,2018.10.27,SAC,2
5186,FEU,DLSU,0,39,69,41,A. Tolentino,3,jump shot,2018.10.27,SAC,0
5187,FEU,DLSU,1,-31,23,3,J. Parker,2,jump shot,2018.10.27,SAC,2
5188,FEU,DLSU,1,12,14,8,B. Ebona,2,jump shot,2018.10.27,SAC,2
5189,FEU,DLSU,0,-6,4,3,J. Parker,2,jump shot,2018.10.27,SAC,0
5190,FEU,DLSU,1,-13,6,41,A. Tolentino,2,jump shot,2018.10.27,SAC,2
5191,FEU,DLSU,1,4,78,41,A. Tolentino,3,jump shot,2018.10.27,SAC,3
5192,FEU,DLSU,0,-48,59,9,H. Cani,3,jump shot,2018.10.27,SAC,0
5193,FEU,DLSU,0,43,65,41,A. Tolentino,3,jump shot,2018.10.27,SAC,0
5194,FEU,DLSU,0,-3,7,15,B. Bienes,2,jump shot,2018.10.27,SAC,0
5195,FEU,DLSU,0,-36,71,10,W. Comboy,3,jump shot,2018.10.27,SAC,0
5196,FEU,DLSU,0,11,36,11,R. Ramirez,2,jump shot,2018.10.27,SAC,0
5197,FEU,DLSU,0,-9,4,8,B. Ebona,2,jump shot,2018.10.27,SAC,0
5198,FEU,DLSU,1,-5,8,21,R. Escoto,2,lay up,2018.10.27,SAC,2
5199,FEU,DLSU,0,9,2,9,H. Cani,2,jump shot,2018.10.27,SAC,0
5200,FEU,DLSU,1,-9,17,41,A. Tolentino,2,jump shot,2018.10.27,SAC,2
5201,FEU,DLSU,0,17,5,5,A. Inigo,2,jump shot,2018.10.27,SAC,0
5202,FEU,DLSU,1,46,38,5,A. Inigo,2,jump shot,2018.10.27,SAC,2
5203,FEU,DLSU,0,28,45,5,A. Inigo,2,jump shot,2018.10.27,SAC,0
5204,FEU,DLSU,0,38,5,9,H. Cani,2,jump shot,2018.10.27,SAC,0
5205,FEU,DLSU,1,8,10,2,A. Stockton,2,jump shot,2018.10.27,SAC,2
5206,FEU,DLSU,0,-15,14,2,A. Stockton,2,jump shot,2018.10.27,SAC,0
5207,FEU,DLSU,0,-39,67,10,W. Comboy,3,jump shot,2018.10.27,SAC,0
5208,FEU,DLSU,0,64,38,41,A. Tolentino,3,jump shot,2018.10.27,SAC,0
5209,FEU,DLSU,0,11,2,2,A. Stockton,2,jump shot,2018.10.27,SAC,0
5210,FEU,DLSU,0,-18,10,41,A. Tolentino,2,jump shot,2018.10.27,SAC,0
5211,FEU,DLSU,0,41,61,9,H. Cani,3,jump shot,2018.10.27,SAC,0
5212,FEU,DLSU,0,-18,71,41,A. Tolentino,3,jump shot,2018.10.27,SAC,0
5213,FEU,DLSU,0,-29,71,41,A. Tolentino,3,jump shot,2018.10.27,SAC,0
5214,FEU,DLSU,0,-5,78,10,W. Comboy,3,jump shot,2018.10.27,SAC,0
5215,FEU,DLSU,1,58,51,41,A. Tolentino,3,jump shot,2018.10.27,SAC,3
5216,FEU,DLSU,0,-10,6,9,H. Cani,2,jump shot,2018.10.27,SAC,0
5217,FEU,DLSU,0,-43,62,10,W. Comboy,3,jump shot,2018.10.27,SAC,0
5218,FEU,DLSU,0,-9,5,3,J. Parker,2,jump shot,2018.10.27,SAC,0
5219,DLSU,FEU,0,26,73,30,A. Caracut,3,jump shot,2018.10.27,SAC,0
5220,DLSU,FEU,1,6,7,25,L. Santillian,2,jump shot,2018.10.27,SAC,2
5221,DLSU,FEU,0,-31,26,25,L. Santillian,2,jump shot,2018.10.27,SAC,0
5222,DLSU,FEU,0,5,27,30,A. Caracut,2,jump shot,2018.10.27,SAC,0
5223,DLSU,FEU,1,8,22,25,L. Santillian,2,jump shot,2018.10.27,SAC,2
5224,DLSU,FEU,0,7,75,6,J. Manuel,3,jump shot,2018.10.27,SAC,0
5225,DLSU,FEU,0,19,70,25,L. Santillian,3,jump shot,2018.10.27,SAC,0
5226,DLSU,FEU,0,6,2,30,A. Caracut,2,jump shot,2018.10.27,SAC,0
5227,DLSU,FEU,0,8,46,6,J. Manuel,2,jump shot,2018.10.27,SAC,0
5228,DLSU,FEU,0,-16,11,25,L. Santillian,2,jump shot,2018.10.27,SAC,0
5229,DLSU,FEU,0,-56,49,6,J. Manuel,3,jump shot,2018.10.27,SAC,0
5230,DLSU,FEU,0,-33,24,11,A. Melecio,2,jump shot,2018.10.27,SAC,0
5231,DLSU,FEU,0,7,6,15,K. Montalbo,2,jump shot,2018.10.27,SAC,0
5232,DLSU,FEU,0,-9,0,25,L. Santillian,2,jump shot,2018.10.27,SAC,0
5233,DLSU,FEU,0,8,0,19,J. Baltazar,2,jump shot,2018.10.27,SAC,0
5234,DLSU,FEU,0,-3,7,25,L. Santillian,2,jump shot,2018.10.27,SAC,0
5235,DLSU,FEU,1,7,2,7,M. Dyke,2,jump shot,2018.10.27,SAC,2
5236,DLSU,FEU,1,-6,2,19,J. Baltazar,2,jump shot,2018.10.27,SAC,2
5237,DLSU,FEU,0,70,-2,18,F. Serrano,3,jump shot,2018.10.27,SAC,0
5238,DLSU,FEU,0,-3,74,30,A. Caracut,3,jump shot,2018.10.27,SAC,0
5239,DLSU,FEU,1,-68,6,15,K. Montalbo,3,jump shot,2018.10.27,SAC,3
5240,DLSU,FEU,1,39,34,19,J. Baltazar,2,jump shot,2018.10.27,SAC,2
5241,DLSU,FEU,0,9,4,15,K. Montalbo,2,jump shot,2018.10.27,SAC,0
5242,DLSU,FEU,0,-4,12,7,M. Dyke,2,jump shot,2018.10.27,SAC,0
5243,DLSU,FEU,0,-9,17,19,J. Baltazar,2,jump shot,2018.10.27,SAC,0
5244,DLSU,FEU,1,-68,24,18,F. Serrano,3,jump shot,2018.10.27,SAC,3
5245,DLSU,FEU,1,-16,2,7,M. Dyke,2,jump shot,2018.10.27,SAC,2
5246,DLSU,FEU,1,4,2,30,A. Caracut,2,jump shot,2018.10.27,SAC,2
5247,DLSU,FEU,0,10,2,30,A. Caracut,2,jump shot,2018.10.27,SAC,0
5248,DLSU,FEU,0,-16,21,18,F. Serrano,2,jump shot,2018.10.27,SAC,0
5249,DLSU,FEU,0,-11,8,19,J. Baltazar,2,jump shot,2018.10.27,SAC,0
5250,DLSU,FEU,0,-41,28,25,L. Santillian,2,jump shot,2018.10.27,SAC,0
5251,DLSU,FEU,1,-26,4,19,J. Baltazar,2,jump shot,2018.10.27,SAC,2
5252,DLSU,FEU,0,-32,9,11,A. Melecio,2,jump shot,2018.10.27,SAC,0
5253,DLSU,FEU,0,7,3,30,A. Caracut,2,jump shot,2018.10.27,SAC,0
5254,DLSU,FEU,1,-7,3,19,J. Baltazar,2,lay up,2018.10.27,SAC,2
5255,DLSU,FEU,1,-3,71,30,A. Caracut,3,jump shot,2018.10.27,SAC,3
5256,DLSU,FEU,1,43,16,11,A. Melecio,2,jump shot,2018.10.27,SAC,2
5257,DLSU,FEU,1,8,74,19,J. Baltazar,3,jump shot,2018.10.27,SAC,3
5258,DLSU,FEU,0,69,4,15,K. Montalbo,3,jump shot,2018.10.27,SAC,0
5259,DLSU,FEU,0,0,13,19,J. Baltazar,2,jump shot,2018.10.27,SAC,0
5260,DLSU,FEU,0,-52,3,11,A. Melecio,2,jump shot,2018.10.27,SAC,0
5261,DLSU,FEU,0,-40,-1,19,J. Baltazar,2,jump shot,2018.10.27,SAC,0
5262,DLSU,FEU,0,-68,28,11,A. Melecio,3,jump shot,2018.10.27,SAC,0
5263,DLSU,FEU,0,0,27,15,K. Montalbo,2,jump shot,2018.10.27,SAC,0
5264,DLSU,FEU,1,-1,16,25,L. Santillian,2,jump shot,2018.10.27,SAC,2
5265,DLSU,FEU,0,11,5,11,A. Melecio,2,jump shot,2018.10.27,SAC,0
5266,DLSU,FEU,1,-10,4,25,L. Santillian,2,jump shot,2018.10.27,SAC,2
5267,DLSU,FEU,1,6,6,32,B. Bates,2,jump shot,2018.10.27,SAC,2
5268,DLSU,FEU,0,-9,30,11,A. Melecio,2,jump shot,2018.10.27,SAC,0
5269,DLSU,FEU,1,7,17,19,J. Baltazar,2,jump shot,2018.10.27,SAC,2
5270,DLSU,FEU,0,19,22,15,K. Montalbo,2,jump shot,2018.10.27,SAC,0
5271,DLSU,FEU,1,-9,0,32,B. Bates,2,jump shot,2018.10.27,SAC,2
5272,DLSU,FEU,0,2,16,30,A. Caracut,2,jump shot,2018.10.27,SAC,0
5273,DLSU,FEU,0,-16,13,32,B. Bates,2,jump shot,2018.10.27,SAC,0
5274,DLSU,FEU,0,-3,46,30,A. Caracut,2,jump shot,2018.10.27,SAC,0
5275,DLSU,FEU,0,-37,45,19,J. Baltazar,2,jump shot,2018.10.27,SAC,0
5276,DLSU,FEU,1,7,12,15,K. Montalbo,2,jump shot,2018.10.27,SAC,2
5277,DLSU,FEU,0,3,75,18,F. Serrano,3,jump shot,2018.10.27,SAC,0
5278,DLSU,FEU,1,8,4,18,F. Serrano,2,lay up,2018.10.27,SAC,2
5279,DLSU,FEU,1,6,2,30,A. Caracut,2,lay up,2018.10.27,SAC,2
5280,DLSU,FEU,0,21,19,6,J. Manuel,2,jump shot,2018.10.27,SAC,0
5281,DLSU,FEU,0,-9,8,25,L. Santillian,2,jump shot,2018.10.27,SAC,0
5282,DLSU,FEU,1,4,6,15,K. Montalbo,2,jump shot,2018.10.27,SAC,2
5283,DLSU,FEU,1,5,3,32,B. Bates,2,jump shot,2018.10.27,SAC,2
5284,DLSU,FEU,0,65,35,11,A. Melecio,3,jump shot,2018.10.27,SAC,0
5285,DLSU,FEU,0,-1,37,11,A. Melecio,2,jump shot,2018.10.27,SAC,0
5286,DLSU,FEU,0,-14,4,32,B. Bates,2,jump shot,2018.10.27,SAC,0
5287,DLSU,FEU,0,11,9,32,B. Bates,2,jump shot,2018.10.27,SAC,0
5288,DLSU,FEU,0,-4,77,19,J. Baltazar,3,jump shot,2018.10.27,SAC,0
5289,DLSU,FEU,1,-35,64,11,A. Melecio,3,jump shot,2018.10.27,SAC,3
5290,DLSU,FEU,1,-8,4,25,L. Santillian,2,jump shot,2018.10.27,SAC,2
5291,ADMU,NU,1,4,49,22,R. Verano,2,jump shot,2018.10.27,SAC,2
5292,ADMU,NU,1,-7,5,0,T. Ravena,2,jump shot,2018.10.27,SAC,2
5293,ADMU,NU,1,54,50,0,T. Ravena,3,jump shot,2018.10.27,SAC,3
5294,ADMU,NU,1,-6,2,34,A. Kouame,2,jump shot,2018.10.27,SAC,2
5295,ADMU,NU,0,54,0,22,R. Verano,2,jump shot,2018.10.27,SAC,0
5296,ADMU,NU,0,-6,0,0,T. Ravena,2,jump shot,2018.10.27,SAC,0
5297,ADMU,NU,0,44,66,4,A. Asistio,3,jump shot,2018.10.27,SAC,0
5298,ADMU,NU,0,-8,4,34,A. Kouame,2,jump shot,2018.10.27,SAC,0
5299,ADMU,NU,0,-8,7,4,A. Asistio,2,jump shot,2018.10.27,SAC,0
5300,ADMU,NU,0,-1,78,0,T. Ravena,3,jump shot,2018.10.27,SAC,0
5301,ADMU,NU,1,7,2,34,A. Kouame,2,jump shot,2018.10.27,SAC,2
5302,ADMU,NU,0,5,5,0,T. Ravena,2,jump shot,2018.10.27,SAC,0
5303,ADMU,NU,0,0,20,0,T. Ravena,2,jump shot,2018.10.27,SAC,0
5304,ADMU,NU,1,1,36,27,S. Belangel,2,jump shot,2018.10.27,SAC,2
5305,ADMU,NU,1,-7,2,34,A. Kouame,2,jump shot,2018.10.27,SAC,2
5306,ADMU,NU,1,0,2,0,T. Ravena,2,dunk,2018.10.27,SAC,2
5307,ADMU,NU,0,26,6,27,S. Belangel,2,jump shot,2018.10.27,SAC,0
5308,ADMU,NU,1,70,-6,11,I. Go,3,jump shot,2018.10.27,SAC,3
5309,ADMU,NU,0,61,40,10,J. Mendoza,3,jump shot,2018.10.27,SAC,0
5310,ADMU,NU,0,-48,62,11,I. Go,3,jump shot,2018.10.27,SAC,0
5311,ADMU,NU,1,62,42,27,S. Belangel,3,jump shot,2018.10.27,SAC,3
5312,ADMU,NU,0,-55,50,27,S. Belangel,3,jump shot,2018.10.27,SAC,0
5313,ADMU,NU,0,-44,66,3,A. Wong,3,jump shot,2018.10.27,SAC,0
5314,ADMU,NU,0,-6,2,3,A. Wong,2,jump shot,2018.10.27,SAC,0
5315,ADMU,NU,1,-10,3,27,S. Belangel,2,lay up,2018.10.27,SAC,2
5316,ADMU,NU,0,-9,21,22,R. Verano,2,jump shot,2018.10.27,SAC,0
5317,ADMU,NU,1,-30,51,19,T. Tio,2,jump shot,2018.10.27,SAC,2
5318,ADMU,NU,1,-40,62,22,R. Verano,3,jump shot,2018.10.27,SAC,3
5319,ADMU,NU,0,-10,5,34,A. Kouame,2,jump shot,2018.10.27,SAC,0
5320,ADMU,NU,0,-7,9,34,A. Kouame,2,jump shot,2018.10.27,SAC,0
5321,ADMU,NU,1,5,4,34,A. Kouame,2,jump shot,2018.10.27,SAC,2
5322,ADMU,NU,0,68,27,4,A. Asistio,3,jump shot,2018.10.27,SAC,0
5323,ADMU,NU,1,4,77,0,T. Ravena,3,jump shot,2018.10.27,SAC,3
5324,ADMU,NU,1,-1,2,34,A. Kouame,2,dunk,2018.10.27,SAC,2
5325,ADMU,NU,1,57,46,0,T. Ravena,3,jump shot,2018.10.27,SAC,3
5326,ADMU,NU,0,71,-3,5,G. Mamuyac,3,jump shot,2018.10.27,SAC,0
5327,ADMU,NU,0,71,2,0,T. Ravena,3,jump shot,2018.10.27,SAC,0
5328,ADMU,NU,0,-17,14,22,R. Verano,2,jump shot,2018.10.27,SAC,0
5329,ADMU,NU,0,1,31,4,A. Asistio,2,jump shot,2018.10.27,SAC,0
5330,ADMU,NU,0,6,3,34,A. Kouame,2,jump shot,2018.10.27,SAC,0
5331,ADMU,NU,1,-5,8,34,A. Kouame,2,jump shot,2018.10.27,SAC,2
5332,ADMU,NU,0,-17,69,0,T. Ravena,3,jump shot,2018.10.27,SAC,0
5333,ADMU,NU,1,-9,2,34,A. Kouame,2,jump shot,2018.10.27,SAC,2
5334,ADMU,NU,0,62,40,4,A. Asistio,3,jump shot,2018.10.27,SAC,0
5335,ADMU,NU,0,-63,33,4,A. Asistio,3,jump shot,2018.10.27,SAC,0
5336,ADMU,NU,0,-7,7,0,T. Ravena,2,jump shot,2018.10.27,SAC,0
5337,ADMU,NU,0,12,6,0,T. Ravena,2,jump shot,2018.10.27,SAC,0
5338,ADMU,NU,1,1,9,34,A. Kouame,2,jump shot,2018.10.27,SAC,2
5339,ADMU,NU,1,-7,6,27,S. Belangel,2,lay up,2018.10.27,SAC,2
5340,ADMU,NU,1,9,1,0,T. Ravena,2,jump shot,2018.10.27,SAC,2
5341,ADMU,NU,1,-2,17,11,I. Go,2,jump shot,2018.10.27,SAC,2
5342,ADMU,NU,0,39,13,11,I. Go,2,jump shot,2018.10.27,SAC,0
5343,ADMU,NU,1,6,0,5,G. Mamuyac,2,jump shot,2018.10.27,SAC,2
5344,ADMU,NU,1,-27,15,27,S. Belangel,2,jump shot,2018.10.27,SAC,2
5345,ADMU,NU,0,-1,76,11,I. Go,3,jump shot,2018.10.27,SAC,0
5346,ADMU,NU,1,6,2,21,M. Daves,2,jump shot,2018.10.27,SAC,2
5347,ADMU,NU,0,-54,59,27,S. Belangel,3,jump shot,2018.10.27,SAC,0
5348,ADMU,NU,0,53,58,22,R. Verano,3,jump shot,2018.10.27,SAC,0
5349,ADMU,NU,1,6,0,10,J. Mendoza,2,jump shot,2018.10.27,SAC,2
5350,ADMU,NU,1,8,2,22,R. Verano,2,jump shot,2018.10.27,SAC,2
5351,ADMU,NU,0,3,32,27,S. Belangel,2,jump shot,2018.10.27,SAC,0
5352,ADMU,NU,0,-27,69,10,J. Mendoza,3,jump shot,2018.10.27,SAC,0
5353,ADMU,NU,0,-39,37,27,S. Belangel,2,jump shot,2018.10.27,SAC,0
5354,ADMU,NU,0,-5,56,22,R. Verano,2,jump shot,2018.10.27,SAC,0
5355,ADMU,NU,1,-8,5,0,T. Ravena,2,jump shot,2018.10.27,SAC,2
5356,ADMU,NU,0,-42,64,3,A. Wong,3,jump shot,2018.10.27,SAC,0
5357,ADMU,NU,0,-16,69,19,T. Tio,3,jump shot,2018.10.27,SAC,0
5358,ADMU,NU,0,17,9,34,A. Kouame,2,jump shot,2018.10.27,SAC,0
5359,ADMU,NU,0,-8,0,2,B. Andrade,2,jump shot,2018.10.27,SAC,0
5360,ADMU,NU,0,-1,9,0,T. Ravena,2,jump shot,2018.10.27,SAC,0
5361,ADMU,NU,1,0,2,34,A. Kouame,2,dunk,2018.10.27,SAC,2
5362,ADMU,NU,0,-35,65,0,T. Ravena,3,jump shot,2018.10.27,SAC,0
5363,ADMU,NU,0,7,19,34,A. Kouame,2,jump shot,2018.10.27,SAC,0
5364,ADMU,NU,0,62,39,19,T. Tio,3,jump shot,2018.10.27,SAC,0
5365,ADMU,NU,0,71,-2,8,A. Black,3,jump shot,2018.10.27,SAC,0
5366,ADMU,NU,0,10,2,8,A. Black,2,jump shot,2018.10.27,SAC,0
5367,NU,ADMU,0,2,47,10,I. Gaye,2,jump shot,2018.10.27,SAC,0
5368,NU,ADMU,0,39,9,10,I. Gaye,2,jump shot,2018.10.27,SAC,0
5369,NU,ADMU,0,-33,20,1,D. Ildefonso,2,jump shot,2018.10.27,SAC,0
5370,NU,ADMU,1,-7,4,10,I. Gaye,2,alley oop,2018.10.27,SAC,2
5371,NU,ADMU,0,11,7,0,S. Ildefonso,2,jump shot,2018.10.27,SAC,0
5372,NU,ADMU,0,43,68,1,D. Ildefonso,3,jump shot,2018.10.27,SAC,0
5373,NU,ADMU,0,-17,3,0,S. Ildefonso,2,jump shot,2018.10.27,SAC,0
5374,NU,ADMU,0,16,2,10,I. Gaye,2,jump shot,2018.10.27,SAC,0
5375,NU,ADMU,1,-7,2,1,D. Ildefonso,2,lay up,2018.10.27,SAC,2
5376,NU,ADMU,0,-5,9,1,D. Ildefonso,2,jump shot,2018.10.27,SAC,0
5377,NU,ADMU,0,70,-1,6,J. Sinclair,3,jump shot,2018.10.27,SAC,0
5378,NU,ADMU,0,8,3,8,A. Joson,2,jump shot,2018.10.27,SAC,0
5379,NU,ADMU,0,71,10,1,D. Ildefonso,3,jump shot,2018.10.27,SAC,0
5380,NU,ADMU,0,-66,34,15,D. Yu,3,jump shot,2018.10.27,SAC,0
5381,NU,ADMU,1,-61,4,9,J. Clemente,2,jump shot,2018.10.27,SAC,2
5382,NU,ADMU,0,43,22,15,D. Yu,2,jump shot,2018.10.27,SAC,0
5383,NU,ADMU,0,46,21,19,J. Gallego,2,jump shot,2018.10.27,SAC,0
5384,NU,ADMU,1,60,41,9,J. Clemente,3,jump shot,2018.10.27,SAC,3
5385,NU,ADMU,0,41,65,21,T. Rike,3,jump shot,2018.10.27,SAC,0
5386,NU,ADMU,0,-12,14,9,J. Clemente,2,jump shot,2018.10.27,SAC,0
5387,NU,ADMU,0,-21,20,19,J. Gallego,2,jump shot,2018.10.27,SAC,0
5388,NU,ADMU,0,-7,4,8,A. Joson,2,jump shot,2018.10.27,SAC,0
5389,NU,ADMU,1,-9,2,9,J. Clemente,2,jump shot,2018.10.27,SAC,2
5390,NU,ADMU,1,39,7,9,J. Clemente,2,jump shot,2018.10.27,SAC,2
5391,NU,ADMU,0,72,-1,8,A. Joson,3,jump shot,2018.10.27,SAC,0
5392,NU,ADMU,0,15,49,10,I. Gaye,2,jump shot,2018.10.27,SAC,0
5393,NU,ADMU,1,-35,64,9,J. Clemente,3,jump shot,2018.10.27,SAC,3
5394,NU,ADMU,0,1,33,1,D. Ildefonso,2,jump shot,2018.10.27,SAC,0
5395,NU,ADMU,1,-11,20,1,D. Ildefonso,2,jump shot,2018.10.27,SAC,2
5396,NU,ADMU,0,-16,19,10,I. Gaye,2,jump shot,2018.10.27,SAC,0
5397,NU,ADMU,0,-26,72,9,J. Clemente,3,jump shot,2018.10.27,SAC,0
5398,NU,ADMU,0,-23,17,5,A. Diputado,2,jump shot,2018.10.27,SAC,0
5399,NU,ADMU,0,-32,15,10,I. Gaye,2,jump shot,2018.10.27,SAC,0
5400,NU,ADMU,1,9,4,9,J. Clemente,2,jump shot,2018.10.27,SAC,2
5401,NU,ADMU,1,-37,19,1,D. Ildefonso,2,jump shot,2018.10.27,SAC,2
5402,NU,ADMU,0,-7,7,6,J. Sinclair,2,jump shot,2018.10.27,SAC,0
5403,NU,ADMU,0,-8,3,6,J. Sinclair,2,jump shot,2018.10.27,SAC,0
5404,NU,ADMU,1,69,-4,9,J. Clemente,3,jump shot,2018.10.27,SAC,3
5405,NU,ADMU,0,9,7,1,D. Ildefonso,2,jump shot,2018.10.27,SAC,0
5406,NU,ADMU,0,60,0,9,J. Clemente,2,jump shot,2018.10.27,SAC,0
5407,NU,ADMU,0,-1,53,9,J. Clemente,2,jump shot,2018.10.27,SAC,0
5408,NU,ADMU,1,49,59,9,J. Clemente,3,jump shot,2018.10.27,SAC,3
5409,NU,ADMU,0,11,2,1,D. Ildefonso,2,jump shot,2018.10.27,SAC,0
5410,NU,ADMU,1,23,32,21,T. Rike,2,jump shot,2018.10.27,SAC,2
5411,NU,ADMU,1,-27,70,1,D. Ildefonso,3,jump shot,2018.10.27,SAC,3
5412,NU,ADMU,0,-6,77,1,D. Ildefonso,3,jump shot,2018.10.27,SAC,0
5413,NU,ADMU,0,65,36,9,J. Clemente,3,jump shot,2018.10.27,SAC,0
5414,NU,ADMU,0,-47,59,9,J. Clemente,3,jump shot,2018.10.27,SAC,0
5415,NU,ADMU,1,71,2,15,D. Yu,3,jump shot,2018.10.27,SAC,3
5416,NU,ADMU,0,18,71,21,T. Rike,3,jump shot,2018.10.27,SAC,0
5417,NU,ADMU,1,-6,3,0,S. Ildefonso,2,jump shot,2018.10.27,SAC,2
5418,NU,ADMU,1,-5,3,5,A. Diputado,2,lay up,2018.10.27,SAC,2
5419,NU,ADMU,0,69,2,15,D. Yu,3,jump shot,2018.10.27,SAC,0
5420,NU,ADMU,1,4,4,0,S. Ildefonso,2,lay up,2018.10.27,SAC,2
5421,NU,ADMU,0,-38,65,1,D. Ildefonso,3,jump shot,2018.10.27,SAC,0
5422,NU,ADMU,1,70,0,9,J. Clemente,3,jump shot,2018.10.27,SAC,3
5423,NU,ADMU,0,58,44,9,J. Clemente,3,jump shot,2018.10.27,SAC,0
5424,NU,ADMU,1,-3,51,15,D. Yu,2,jump shot,2018.10.27,SAC,2
5425,NU,ADMU,0,7,16,21,T. Rike,2,jump shot,2018.10.27,SAC,0
5426,NU,ADMU,1,32,17,9,J. Clemente,2,jump shot,2018.10.27,SAC,2
5427,NU,ADMU,1,-54,49,1,D. Ildefonso,3,jump shot,2018.10.27,SAC,3
5428,NU,ADMU,0,-71,0,1,D. Ildefonso,3,jump shot,2018.10.27,SAC,0
5429,NU,ADMU,0,42,19,9,J. Clemente,2,jump shot,2018.10.27,SAC,0
5430,NU,ADMU,0,-57,53,1,D. Ildefonso,3,jump shot,2018.10.27,SAC,0
5431,NU,ADMU,1,-7,4,0,S. Ildefonso,2,jump shot,2018.10.27,SAC,2
5432,NU,ADMU,0,0,77,0,S. Ildefonso,3,jump shot,2018.10.27,SAC,0
5433,NU,ADMU,0,8,8,21,T. Rike,2,jump shot,2018.10.27,SAC,0
5434,NU,ADMU,0,6,73,19,J. Gallego,3,jump shot,2018.10.27,SAC,0
5435,UE,UST,0,8,6,18,P. Manalang,2,jump shot,2018.10.28,FFVA,0
5436,UE,UST,1,-62,-8,23,A. Pasaol,2,jump shot,2018.10.28,FFVA,2
5437,UE,UST,0,-12,0,18,P. Manalang,2,jump shot,2018.10.28,FFVA,0
5438,UE,UST,1,0,0,21,W. Bartolome,2,jump shot,2018.10.28,FFVA,2
5439,UE,UST,1,70,0,13,J. Strait,3,jump shot,2018.10.28,FFVA,3
5440,UE,UST,1,-4,1,18,P. Manalang,2,lay up,2018.10.28,FFVA,2
5441,UE,UST,1,43,71,18,P. Manalang,3,jump shot,2018.10.28,FFVA,3
5442,UE,UST,0,-72,45,18,P. Manalang,3,jump shot,2018.10.28,FFVA,0
5443,UE,UST,1,-11,4,18,P. Manalang,2,lay up,2018.10.28,FFVA,2
5444,UE,UST,1,61,58,23,A. Pasaol,3,jump shot,2018.10.28,FFVA,3
5445,UE,UST,0,-54,61,18,P. Manalang,3,jump shot,2018.10.28,FFVA,0
5446,UE,UST,0,-4,5,26,J. Cullar,2,jump shot,2018.10.28,FFVA,0
5447,UE,UST,0,68,43,26,J. Cullar,3,jump shot,2018.10.28,FFVA,0
5448,UE,UST,0,-38,-8,23,A. Pasaol,2,jump shot,2018.10.28,FFVA,0
5449,UE,UST,0,48,76,23,A. Pasaol,3,jump shot,2018.10.28,FFVA,0
5450,UE,UST,0,4,4,1,C. Conner,2,jump shot,2018.10.28,FFVA,0
5451,UE,UST,0,54,66,23,A. Pasaol,3,jump shot,2018.10.28,FFVA,0
5452,UE,UST,0,-40,77,9,J. Varilla,3,jump shot,2018.10.28,FFVA,0
5453,UE,UST,0,9,7,23,A. Pasaol,2,jump shot,2018.10.28,FFVA,0
5454,UE,UST,0,3,8,7,A. Beltran,2,jump shot,2018.10.28,FFVA,0
5455,UE,UST,0,-4,6,23,A. Pasaol,2,jump shot,2018.10.28,FFVA,0
5456,UE,UST,0,46,73,84,R. Gallardo,3,jump shot,2018.10.28,FFVA,0
5457,UE,UST,0,1,48,84,R. Gallardo,2,jump shot,2018.10.28,FFVA,0
5458,UE,UST,1,39,10,9,J. Varilla,2,jump shot,2018.10.28,FFVA,2
5459,UE,UST,0,0,7,18,P. Manalang,2,jump shot,2018.10.28,FFVA,0
5460,UE,UST,1,39,49,9,J. Varilla,2,jump shot,2018.10.28,FFVA,2
5461,UE,UST,1,-4,2,1,C. Conner,2,jump shot,2018.10.28,FFVA,2
5462,UE,UST,1,-1,-1,18,P. Manalang,2,lay up,2018.10.28,FFVA,2
5463,UE,UST,1,-18,40,21,W. Bartolome,2,jump shot,2018.10.28,FFVA,2
5464,UE,UST,0,32,72,23,A. Pasaol,3,jump shot,2018.10.28,FFVA,0
5465,UE,UST,0,-33,80,18,P. Manalang,3,jump shot,2018.10.28,FFVA,0
5466,UE,UST,1,-30,-8,1,C. Conner,2,jump shot,2018.10.28,FFVA,2
5467,UE,UST,0,-25,9,21,W. Bartolome,2,jump shot,2018.10.28,FFVA,0
5468,UE,UST,0,-27,-1,21,W. Bartolome,2,jump shot,2018.10.28,FFVA,0
5469,UE,UST,0,3,6,18,P. Manalang,2,jump shot,2018.10.28,FFVA,0
5470,UE,UST,1,-8,8,23,A. Pasaol,2,lay up,2018.10.28,FFVA,2
5471,UE,UST,0,-64,30,8,C. Lacap,3,jump shot,2018.10.28,FFVA,0
5472,UE,UST,1,-20,5,23,A. Pasaol,2,jump shot,2018.10.28,FFVA,2
5473,UE,UST,0,-35,68,18,P. Manalang,3,jump shot,2018.10.28,FFVA,0
5474,UE,UST,1,8,9,23,A. Pasaol,2,jump shot,2018.10.28,FFVA,2
5475,UE,UST,0,-11,69,23,A. Pasaol,3,jump shot,2018.10.28,FFVA,0
5476,UE,UST,1,6,0,21,W. Bartolome,2,jump shot,2018.10.28,FFVA,2
5477,UE,UST,0,-3,19,23,A. Pasaol,2,jump shot,2018.10.28,FFVA,0
5478,UE,UST,0,5,9,21,W. Bartolome,2,jump shot,2018.10.28,FFVA,0
5479,UE,UST,0,-60,52,23,A. Pasaol,3,jump shot,2018.10.28,FFVA,0
5480,UE,UST,1,0,10,23,A. Pasaol,2,jump shot,2018.10.28,FFVA,2
5481,UE,UST,0,-68,48,18,P. Manalang,3,jump shot,2018.10.28,FFVA,0
5482,UE,UST,1,45,69,23,A. Pasaol,3,jump shot,2018.10.28,FFVA,3
5483,UE,UST,0,3,5,1,C. Conner,2,jump shot,2018.10.28,FFVA,0
5484,UE,UST,0,-4,8,9,J. Varilla,2,jump shot,2018.10.28,FFVA,0
5485,UE,UST,0,3,7,13,J. Strait,2,jump shot,2018.10.28,FFVA,0
5486,UE,UST,0,70,-4,9,J. Varilla,3,jump shot,2018.10.28,FFVA,0
5487,UE,UST,0,69,-4,9,J. Varilla,3,jump shot,2018.10.28,FFVA,0
5488,UE,UST,0,27,2,9,J. Varilla,2,jump shot,2018.10.28,FFVA,0
5489,UE,UST,1,6,22,23,A. Pasaol,2,jump shot,2018.10.28,FFVA,2
5490,UE,UST,0,70,30,23,A. Pasaol,3,jump shot,2018.10.28,FFVA,0
5491,UE,UST,1,-69,2,1,C. Conner,3,jump shot,2018.10.28,FFVA,3
5492,UE,UST,1,7,-1,23,A. Pasaol,2,jump shot,2018.10.28,FFVA,2
5493,UE,UST,0,-9,5,1,C. Conner,2,jump shot,2018.10.28,FFVA,0
5494,UE,UST,0,-20,9,23,A. Pasaol,2,jump shot,2018.10.28,FFVA,0
5495,UE,UST,0,-16,6,1,C. Conner,2,jump shot,2018.10.28,FFVA,0
5496,UE,UST,0,-49,17,9,J. Varilla,2,jump shot,2018.10.28,FFVA,0
5497,UE,UST,0,-60,51,8,C. Lacap,3,jump shot,2018.10.28,FFVA,0
5498,UE,UST,1,-2,6,8,C. Lacap,2,jump shot,2018.10.28,FFVA,2
5499,UE,UST,0,-7,3,18,P. Manalang,2,jump shot,2018.10.28,FFVA,0
5500,UE,UST,0,-9,71,23,A. Pasaol,3,jump shot,2018.10.28,FFVA,0
5501,UE,UST,0,-3,16,23,A. Pasaol,2,jump shot,2018.10.28,FFVA,0
5502,UE,UST,1,-8,0,23,A. Pasaol,2,jump shot,2018.10.28,FFVA,2
5503,UE,UST,1,-5,-1,1,C. Conner,2,jump shot,2018.10.28,FFVA,2
5504,UE,UST,0,25,80,18,P. Manalang,3,jump shot,2018.10.28,FFVA,0
5505,UE,UST,1,-7,7,18,P. Manalang,2,lay up,2018.10.28,FFVA,2
5506,UE,UST,1,5,6,23,A. Pasaol,2,jump shot,2018.10.28,FFVA,2
5507,UST,UE,1,-5,0,27,C. Cansino,2,lay up,2018.10.28,FFVA,2
5508,UST,UE,0,-37,47,13,Z. Huang,2,jump shot,2018.10.28,FFVA,0
5509,UST,UE,0,-71,-5,6,M. Lee,3,jump shot,2018.10.28,FFVA,0
5510,UST,UE,0,-26,83,13,Z. Huang,3,jump shot,2018.10.28,FFVA,0
5511,UST,UE,1,-72,0,27,C. Cansino,3,jump shot,2018.10.28,FFVA,3
5512,UST,UE,0,-14,-3,11,E. Caunan,2,jump shot,2018.10.28,FFVA,0
5513,UST,UE,0,-14,31,13,Z. Huang,2,jump shot,2018.10.28,FFVA,0
5514,UST,UE,1,63,46,6,M. Lee,3,jump shot,2018.10.28,FFVA,3
5515,UST,UE,1,71,2,4,M. Bonleon,3,jump shot,2018.10.28,FFVA,3
5516,UST,UE,1,75,58,6,M. Lee,3,jump shot,2018.10.28,FFVA,3
5517,UST,UE,0,-62,54,4,M. Bonleon,3,jump shot,2018.10.28,FFVA,0
5518,UST,UE,0,-61,53,2,I. Batalier,3,jump shot,2018.10.28,FFVA,0
5519,UST,UE,0,-5,5,26,G. Mahinay,2,jump shot,2018.10.28,FFVA,0
5520,UST,UE,0,58,53,8,K. Zamora,3,jump shot,2018.10.28,FFVA,0
5521,UST,UE,0,-70,6,4,M. Bonleon,3,jump shot,2018.10.28,FFVA,0
5522,UST,UE,1,72,0,6,M. Lee,3,jump shot,2018.10.28,FFVA,3
5523,UST,UE,0,-69,-9,6,M. Lee,3,jump shot,2018.10.28,FFVA,0
5524,UST,UE,0,-15,80,7,J. Marcos,3,jump shot,2018.10.28,FFVA,0
5525,UST,UE,0,-74,23,27,C. Cansino,3,jump shot,2018.10.28,FFVA,0
5526,UST,UE,0,-11,-13,13,Z. Huang,2,jump shot,2018.10.28,FFVA,0
5527,UST,UE,0,69,-5,6,M. Lee,3,jump shot,2018.10.28,FFVA,0
5528,UST,UE,0,-2,22,8,K. Zamora,2,jump shot,2018.10.28,FFVA,0
5529,UST,UE,0,-52,69,6,M. Lee,3,jump shot,2018.10.28,FFVA,0
5530,UST,UE,0,-13,8,13,Z. Huang,2,jump shot,2018.10.28,FFVA,0
5531,UST,UE,1,-64,46,6,M. Lee,3,jump shot,2018.10.28,FFVA,3
5532,UST,UE,1,-19,0,27,C. Cansino,2,jump shot,2018.10.28,FFVA,2
5533,UST,UE,1,-7,3,27,C. Cansino,2,jump shot,2018.10.28,FFVA,2
5534,UST,UE,1,-56,58,6,M. Lee,3,jump shot,2018.10.28,FFVA,3
5535,UST,UE,1,-69,34,6,M. Lee,3,jump shot,2018.10.28,FFVA,3
5536,UST,UE,1,-45,66,6,M. Lee,3,jump shot,2018.10.28,FFVA,3
5537,UST,UE,0,-18,-5,27,C. Cansino,2,jump shot,2018.10.28,FFVA,0
5538,UST,UE,1,19,7,26,G. Mahinay,2,jump shot,2018.10.28,FFVA,2
5539,UST,UE,1,51,8,13,Z. Huang,2,jump shot,2018.10.28,FFVA,2
5540,UST,UE,1,-67,3,27,C. Cansino,3,jump shot,2018.10.28,FFVA,3
5541,UST,UE,0,23,8,26,G. Mahinay,2,jump shot,2018.10.28,FFVA,0
5542,UST,UE,0,61,53,6,M. Lee,3,jump shot,2018.10.28,FFVA,0
5543,UST,UE,0,0,11,26,G. Mahinay,2,jump shot,2018.10.28,FFVA,0
5544,UST,UE,1,0,56,13,Z. Huang,2,jump shot,2018.10.28,FFVA,2
5545,UST,UE,1,1,-1,15,T. Agustin,2,lay up,2018.10.28,FFVA,2
5546,UST,UE,0,36,70,2,I. Batalier,3,jump shot,2018.10.28,FFVA,0
5547,UST,UE,1,29,27,13,Z. Huang,2,jump shot,2018.10.28,FFVA,2
5548,UST,UE,1,-14,21,13,Z. Huang,2,jump shot,2018.10.28,FFVA,2
5549,UST,UE,0,-3,31,13,Z. Huang,2,jump shot,2018.10.28,FFVA,0
5550,UST,UE,0,0,22,4,M. Bonleon,2,jump shot,2018.10.28,FFVA,0
5551,UST,UE,1,6,10,13,Z. Huang,2,jump shot,2018.10.28,FFVA,2
5552,UST,UE,0,-55,62,8,K. Zamora,3,jump shot,2018.10.28,FFVA,0
5553,UST,UE,1,-1,0,11,E. Caunan,2,alley oop,2018.10.28,FFVA,2
5554,UST,UE,0,12,9,13,Z. Huang,2,jump shot,2018.10.28,FFVA,0
5555,UST,UE,0,62,51,8,K. Zamora,3,jump shot,2018.10.28,FFVA,0
5556,UST,UE,0,65,69,4,M. Bonleon,3,jump shot,2018.10.28,FFVA,0
5557,UST,UE,0,0,11,13,Z. Huang,2,jump shot,2018.10.28,FFVA,0
5558,UST,UE,0,-39,66,6,M. Lee,3,jump shot,2018.10.28,FFVA,0
5559,UST,UE,0,71,4,8,K. Zamora,3,jump shot,2018.10.28,FFVA,0
5560,UST,UE,0,9,0,26,G. Mahinay,2,jump shot,2018.10.28,FFVA,0
5561,UST,UE,1,71,0,6,M. Lee,3,jump shot,2018.10.28,FFVA,3
5562,UST,UE,0,-52,61,6,M. Lee,3,jump shot,2018.10.28,FFVA,0
5563,UST,UE,0,-50,55,27,C. Cansino,3,jump shot,2018.10.28,FFVA,0
5564,UST,UE,0,3,22,13,Z. Huang,2,jump shot,2018.10.28,FFVA,0
5565,UST,UE,0,63,69,8,K. Zamora,3,jump shot,2018.10.28,FFVA,0
5566,UST,UE,0,-71,-2,6,M. Lee,3,jump shot,2018.10.28,FFVA,0
5567,UST,UE,1,-2,4,13,Z. Huang,2,lay up,2018.10.28,FFVA,2
5568,UST,UE,0,64,53,6,M. Lee,3,jump shot,2018.10.28,FFVA,0
5569,ADU,UP,0,36,42,14,J. Pingoy,2,jump shot,2018.10.28,FFVA,0
5570,ADU,UP,1,-38,47,21,P. Sarr,2,jump shot,2018.10.28,FFVA,2
5571,ADU,UP,0,26,9,2,J. Ahanmisi,2,jump shot,2018.10.28,FFVA,0
5572,ADU,UP,0,9,47,2,J. Ahanmisi,2,jump shot,2018.10.28,FFVA,0
5573,ADU,UP,0,37,39,1,S. Manganti,2,jump shot,2018.10.28,FFVA,0
5574,ADU,UP,0,-1,64,25,K. Zaldivar,2,jump shot,2018.10.28,FFVA,0
5575,ADU,UP,0,60,62,2,J. Ahanmisi,3,jump shot,2018.10.28,FFVA,0
5576,ADU,UP,0,2,-3,21,P. Sarr,2,jump shot,2018.10.28,FFVA,0
5577,ADU,UP,0,7,-2,10,S. Camacho,2,jump shot,2018.10.28,FFVA,0
5578,ADU,UP,1,-5,-1,10,S. Camacho,2,lay up,2018.10.28,FFVA,2
5579,ADU,UP,0,-2,37,4,C. Catapusan,2,jump shot,2018.10.28,FFVA,0
5580,ADU,UP,0,53,60,7,J. Lastimosa,3,jump shot,2018.10.28,FFVA,0
5581,ADU,UP,1,62,61,19,E. Mojica,3,jump shot,2018.10.28,FFVA,3
5582,ADU,UP,1,-6,8,7,J. Lastimosa,2,lay up,2018.10.28,FFVA,2
5583,ADU,UP,0,33,118,7,J. Lastimosa,3,jump shot,2018.10.28,FFVA,0
5584,ADU,UP,0,-63,46,10,S. Camacho,3,jump shot,2018.10.28,FFVA,0
5585,ADU,UP,0,58,15,19,E. Mojica,2,jump shot,2018.10.28,FFVA,0
5586,ADU,UP,1,-62,38,7,J. Lastimosa,3,jump shot,2018.10.28,FFVA,3
5587,ADU,UP,1,-6,3,1,S. Manganti,2,jump shot,2018.10.28,FFVA,2
5588,ADU,UP,0,54,68,1,S. Manganti,3,jump shot,2018.10.28,FFVA,0
5589,ADU,UP,1,-48,60,14,J. Pingoy,3,jump shot,2018.10.28,FFVA,3
5590,ADU,UP,1,72,-2,1,S. Manganti,3,jump shot,2018.10.28,FFVA,3
5591,ADU,UP,1,-29,34,21,P. Sarr,2,jump shot,2018.10.28,FFVA,2
5592,ADU,UP,1,-7,1,21,P. Sarr,2,jump shot,2018.10.28,FFVA,2
5593,ADU,UP,0,-3,5,10,S. Camacho,2,jump shot,2018.10.28,FFVA,0
5594,ADU,UP,1,4,3,29,V. Magbuhos,2,jump shot,2018.10.28,FFVA,2
5595,ADU,UP,0,4,3,21,P. Sarr,2,jump shot,2018.10.28,FFVA,0
5596,ADU,UP,1,-14,22,2,J. Ahanmisi,2,jump shot,2018.10.28,FFVA,2
5597,ADU,UP,1,9,4,2,J. Ahanmisi,2,jump shot,2018.10.28,FFVA,2
5598,ADU,UP,0,17,22,14,J. Pingoy,2,jump shot,2018.10.28,FFVA,0
5599,ADU,UP,1,-61,44,2,J. Ahanmisi,3,jump shot,2018.10.28,FFVA,3
5600,ADU,UP,0,68,29,1,S. Manganti,3,jump shot,2018.10.28,FFVA,0
5601,ADU,UP,1,-4,6,29,V. Magbuhos,2,jump shot,2018.10.28,FFVA,2
5602,ADU,UP,1,16,3,2,J. Ahanmisi,2,jump shot,2018.10.28,FFVA,2
5603,ADU,UP,1,-2,-1,1,S. Manganti,2,lay up,2018.10.28,FFVA,2
5604,ADU,UP,1,-65,62,2,J. Ahanmisi,3,jump shot,2018.10.28,FFVA,3
5605,ADU,UP,1,48,75,2,J. Ahanmisi,3,jump shot,2018.10.28,FFVA,3
5606,ADU,UP,1,-9,4,4,C. Catapusan,2,jump shot,2018.10.28,FFVA,2
5607,ADU,UP,1,-3,2,7,J. Lastimosa,2,lay up,2018.10.28,FFVA,2
5608,ADU,UP,1,7,-2,2,J. Ahanmisi,2,lay up,2018.10.28,FFVA,2
5609,ADU,UP,1,61,43,4,C. Catapusan,3,jump shot,2018.10.28,FFVA,3
5610,ADU,UP,0,-51,66,19,E. Mojica,3,jump shot,2018.10.28,FFVA,0
5611,ADU,UP,0,-31,60,7,J. Lastimosa,2,jump shot,2018.10.28,FFVA,0
5612,ADU,UP,1,-48,67,7,J. Lastimosa,3,jump shot,2018.10.28,FFVA,3
5613,ADU,UP,1,5,3,20,K. Bernardo,2,jump shot,2018.10.28,FFVA,2
5614,ADU,UP,0,-30,29,20,K. Bernardo,2,jump shot,2018.10.28,FFVA,0
5615,ADU,UP,0,-19,3,4,C. Catapusan,2,jump shot,2018.10.28,FFVA,0
5616,ADU,UP,0,-4,54,2,J. Ahanmisi,2,jump shot,2018.10.28,FFVA,0
5617,ADU,UP,0,-37,-8,2,J. Ahanmisi,2,jump shot,2018.10.28,FFVA,0
5618,ADU,UP,0,-8,1,21,P. Sarr,2,jump shot,2018.10.28,FFVA,0
5619,ADU,UP,0,-5,81,2,J. Ahanmisi,3,jump shot,2018.10.28,FFVA,0
5620,ADU,UP,1,12,53,21,P. Sarr,2,jump shot,2018.10.28,FFVA,2
5621,ADU,UP,0,-8,-6,10,S. Camacho,2,jump shot,2018.10.28,FFVA,0
5622,ADU,UP,0,29,-5,2,J. Ahanmisi,2,jump shot,2018.10.28,FFVA,0
5623,ADU,UP,0,-42,31,2,J. Ahanmisi,2,jump shot,2018.10.28,FFVA,0
5624,ADU,UP,0,-5,0,14,J. Pingoy,2,jump shot,2018.10.28,FFVA,0
5625,ADU,UP,0,-52,84,7,J. Lastimosa,3,jump shot,2018.10.28,FFVA,0
5626,ADU,UP,0,57,61,2,J. Ahanmisi,3,jump shot,2018.10.28,FFVA,0
5627,ADU,UP,1,26,0,7,J. Lastimosa,2,jump shot,2018.10.28,FFVA,2
5628,ADU,UP,1,-71,4,1,S. Manganti,3,jump shot,2018.10.28,FFVA,3
5629,ADU,UP,0,29,13,21,P. Sarr,2,jump shot,2018.10.28,FFVA,0
5630,ADU,UP,1,-5,-4,21,P. Sarr,2,dunk,2018.10.28,FFVA,2
5631,UP,ADU,0,-14,7,12,J. Lim,2,jump shot,2018.10.28,FFVA,0
5632,UP,ADU,0,44,7,18,P. Desiderio,2,jump shot,2018.10.28,FFVA,0
5633,UP,ADU,1,-7,2,13,J. Manzo,2,lay up,2018.10.28,FFVA,2
5634,UP,ADU,0,6,5,13,J. Manzo,2,jump shot,2018.10.28,FFVA,0
5635,UP,ADU,1,-56,76,18,P. Desiderio,3,jump shot,2018.10.28,FFVA,3
5636,UP,ADU,0,-69,67,18,P. Desiderio,3,jump shot,2018.10.28,FFVA,0
5637,UP,ADU,0,-2,16,20,J. Prado,2,jump shot,2018.10.28,FFVA,0
5638,UP,ADU,0,-4,-2,0,B. Akhuetie,2,jump shot,2018.10.28,FFVA,0
5639,UP,ADU,1,9,0,0,B. Akhuetie,2,jump shot,2018.10.28,FFVA,2
5640,UP,ADU,1,13,80,6,Ja. Gomez de Liaño,3,jump shot,2018.10.28,FFVA,3
5641,UP,ADU,0,41,57,13,J. Manzo,3,jump shot,2018.10.28,FFVA,0
5642,UP,ADU,0,65,33,12,J. Lim,3,jump shot,2018.10.28,FFVA,0
5643,UP,ADU,0,70,2,6,Ja. Gomez de Liaño,3,jump shot,2018.10.28,FFVA,0
5644,UP,ADU,0,-44,68,5,D. Dario,3,jump shot,2018.10.28,FFVA,0
5645,UP,ADU,0,64,63,18,P. Desiderio,3,jump shot,2018.10.28,FFVA,0
5646,UP,ADU,1,-1,9,18,P. Desiderio,2,jump shot,2018.10.28,FFVA,2
5647,UP,ADU,0,-27,2,6,Ja. Gomez de Liaño,2,jump shot,2018.10.28,FFVA,0
5648,UP,ADU,0,73,36,1,Ju. Gomez de Liaño,3,jump shot,2018.10.28,FFVA,0
5649,UP,ADU,0,53,62,15,C. Vito,3,jump shot,2018.10.28,FFVA,0
5650,UP,ADU,0,0,2,0,B. Akhuetie,2,jump shot,2018.10.28,FFVA,0
5651,UP,ADU,0,52,54,18,P. Desiderio,3,jump shot,2018.10.28,FFVA,0
5652,UP,ADU,1,-10,8,13,J. Manzo,2,jump shot,2018.10.28,FFVA,2
5653,UP,ADU,1,0,4,17,F. Jaboneta,2,lay up,2018.10.28,FFVA,2
5654,UP,ADU,1,-6,4,1,Ju. Gomez de Liaño,2,lay up,2018.10.28,FFVA,2
5655,UP,ADU,0,-8,8,17,F. Jaboneta,2,jump shot,2018.10.28,FFVA,0
5656,UP,ADU,0,-70,34,1,Ju. Gomez de Liaño,3,jump shot,2018.10.28,FFVA,0
5657,UP,ADU,0,-44,6,1,Ju. Gomez de Liaño,2,jump shot,2018.10.28,FFVA,0
5658,UP,ADU,0,10,3,12,J. Lim,2,jump shot,2018.10.28,FFVA,0
5659,UP,ADU,1,-57,45,1,Ju. Gomez de Liaño,3,jump shot,2018.10.28,FFVA,3
5660,UP,ADU,1,10,9,0,B. Akhuetie,2,jump shot,2018.10.28,FFVA,2
5661,UP,ADU,0,-21,-6,6,Ja. Gomez de Liaño,2,jump shot,2018.10.28,FFVA,0
5662,UP,ADU,0,2,64,18,P. Desiderio,3,jump shot,2018.10.28,FFVA,0
5663,UP,ADU,1,-46,59,18,P. Desiderio,3,jump shot,2018.10.28,FFVA,3
5664,UP,ADU,0,3,3,1,Ju. Gomez de Liaño,2,jump shot,2018.10.28,FFVA,0
5665,UP,ADU,0,67,41,18,P. Desiderio,3,jump shot,2018.10.28,FFVA,0
5666,UP,ADU,0,9,9,5,D. Dario,2,jump shot,2018.10.28,FFVA,0
5667,UP,ADU,0,47,10,1,Ju. Gomez de Liaño,2,jump shot,2018.10.28,FFVA,0
5668,UP,ADU,0,3,6,15,C. Vito,2,jump shot,2018.10.28,FFVA,0
5669,UP,ADU,1,2,1,15,C. Vito,2,jump shot,2018.10.28,FFVA,2
5670,UP,ADU,1,45,-13,1,Ju. Gomez de Liaño,2,lay up,2018.10.28,FFVA,2
5671,UP,ADU,0,-6,14,1,Ju. Gomez de Liaño,2,jump shot,2018.10.28,FFVA,0
5672,UP,ADU,1,0,0,0,B. Akhuetie,2,lay up,2018.10.28,FFVA,2
5673,UP,ADU,0,8,6,0,B. Akhuetie,2,jump shot,2018.10.28,FFVA,0
5674,UP,ADU,0,3,1,12,J. Lim,2,jump shot,2018.10.28,FFVA,0
5675,UP,ADU,1,-8,2,0,B. Akhuetie,2,jump shot,2018.10.28,FFVA,2
5676,UP,ADU,1,2,5,1,Ju. Gomez de Liaño,2,lay up,2018.10.28,FFVA,2
5677,UP,ADU,1,-6,2,15,C. Vito,2,jump shot,2018.10.28,FFVA,2
5678,UP,ADU,0,6,7,1,Ju. Gomez de Liaño,2,jump shot,2018.10.28,FFVA,0
5679,UP,ADU,0,3,25,13,J. Manzo,2,jump shot,2018.10.28,FFVA,0
5680,UP,ADU,1,5,3,0,B. Akhuetie,2,jump shot,2018.10.28,FFVA,2
5681,UP,ADU,0,64,60,13,J. Manzo,3,jump shot,2018.10.28,FFVA,0
5682,UP,ADU,1,-1,8,18,P. Desiderio,2,lay up,2018.10.28,FFVA,2
5683,UP,ADU,0,-1,2,5,D. Dario,2,jump shot,2018.10.28,FFVA,0
5684,UP,ADU,1,-13,9,13,J. Manzo,2,jump shot,2018.10.28,FFVA,2
5685,UP,ADU,1,-2,4,13,J. Manzo,2,lay up,2018.10.28,FFVA,2
5686,UP,ADU,0,-1,0,13,J. Manzo,2,jump shot,2018.10.28,FFVA,0
5687,UP,ADU,1,-6,2,0,B. Akhuetie,2,jump shot,2018.10.28,FFVA,2
5688,UP,ADU,1,3,2,0,B. Akhuetie,2,jump shot,2018.10.28,FFVA,2
5689,UP,ADU,0,13,-1,13,J. Manzo,2,jump shot,2018.10.28,FFVA,0
5690,UP,ADU,0,7,1,13,J. Manzo,2,jump shot,2018.10.28,FFVA,0
5691,UP,ADU,1,1,4,0,B. Akhuetie,2,jump shot,2018.10.28,FFVA,2
5692,UP,ADU,1,-38,37,1,Ju. Gomez de Liaño,2,jump shot,2018.10.28,FFVA,2
5693,UP,ADU,1,-4,-2,6,Ja. Gomez de Liaño,2,jump shot,2018.10.28,FFVA,2
5694,UP,ADU,1,-45,64,1,Ju. Gomez de Liaño,3,jump shot,2018.10.28,FFVA,3
5695,UP,ADU,0,64,79,1,Ju. Gomez de Liaño,3,jump shot,2018.10.28,FFVA,0
5696,UP,ADU,0,70,36,18,P. Desiderio,3,jump shot,2018.10.28,FFVA,0
5697,UP,ADU,0,-1,7,0,B. Akhuetie,2,jump shot,2018.10.28,FFVA,0
5698,UP,ADU,1,-1,2,0,B. Akhuetie,2,jump shot,2018.10.28,FFVA,2
5699,UP,ADU,0,17,9,13,J. Manzo,2,jump shot,2018.10.28,FFVA,0
5700,DLSU,UST,1,-31,14,30,A. Caracut,2,jump shot,2018.11.03,Ynarez,2
5701,DLSU,UST,0,43,4,6,J. Manuel,2,jump shot,2018.11.03,Ynarez,0
5702,DLSU,UST,1,43,46,19,J. Baltazar,2,jump shot,2018.11.03,Ynarez,2
5703,DLSU,UST,0,68,18,6,J. Manuel,3,jump shot,2018.11.03,Ynarez,0
5704,DLSU,UST,0,62,46,19,J. Baltazar,3,jump shot,2018.11.03,Ynarez,0
5705,DLSU,UST,1,-6,6,7,M. Dyke,2,jump shot,2018.11.03,Ynarez,2
5706,DLSU,UST,1,-46,61,11,A. Melecio,3,jump shot,2018.11.03,Ynarez,3
5707,DLSU,UST,1,21,71,11,A. Melecio,3,jump shot,2018.11.03,Ynarez,3
5708,DLSU,UST,0,47,59,11,A. Melecio,3,jump shot,2018.11.03,Ynarez,0
5709,DLSU,UST,1,-9,3,30,A. Caracut,2,jump shot,2018.11.03,Ynarez,2
5710,DLSU,UST,1,7,47,11,A. Melecio,2,jump shot,2018.11.03,Ynarez,2
5711,DLSU,UST,1,31,3,15,K. Montalbo,2,jump shot,2018.11.03,Ynarez,2
5712,DLSU,UST,1,0,8,32,B. Bates,2,lay up,2018.11.03,Ynarez,2
5713,DLSU,UST,1,7,3,15,K. Montalbo,2,lay up,2018.11.03,Ynarez,2
5714,DLSU,UST,1,5,2,30,A. Caracut,2,lay up,2018.11.03,Ynarez,2
5715,DLSU,UST,0,-12,6,11,A. Melecio,2,jump shot,2018.11.03,Ynarez,0
5716,DLSU,UST,0,9,10,25,L. Santillian,2,jump shot,2018.11.03,Ynarez,0
5717,DLSU,UST,0,69,-3,16,J. Go,3,jump shot,2018.11.03,Ynarez,0
5718,DLSU,UST,1,60,50,11,A. Melecio,3,jump shot,2018.11.03,Ynarez,3
5719,DLSU,UST,0,-7,4,7,M. Dyke,2,jump shot,2018.11.03,Ynarez,0
5720,DLSU,UST,0,0,11,19,J. Baltazar,2,jump shot,2018.11.03,Ynarez,0
5721,DLSU,UST,0,-6,0,7,M. Dyke,2,jump shot,2018.11.03,Ynarez,0
5722,DLSU,UST,0,-57,54,30,A. Caracut,3,jump shot,2018.11.03,Ynarez,0
5723,DLSU,UST,1,-60,46,11,A. Melecio,3,jump shot,2018.11.03,Ynarez,3
5724,DLSU,UST,0,-7,2,18,F. Serrano,2,jump shot,2018.11.03,Ynarez,0
5725,DLSU,UST,0,1,9,25,L. Santillian,2,jump shot,2018.11.03,Ynarez,0
5726,DLSU,UST,1,64,42,18,F. Serrano,3,jump shot,2018.11.03,Ynarez,3
5727,DLSU,UST,1,52,62,16,J. Go,3,jump shot,2018.11.03,Ynarez,3
5728,DLSU,UST,0,28,2,18,F. Serrano,2,jump shot,2018.11.03,Ynarez,0
5729,DLSU,UST,0,-19,4,25,L. Santillian,2,jump shot,2018.11.03,Ynarez,0
5730,DLSU,UST,0,-19,62,19,J. Baltazar,2,jump shot,2018.11.03,Ynarez,0
5731,DLSU,UST,0,-50,56,18,F. Serrano,3,jump shot,2018.11.03,Ynarez,0
5732,DLSU,UST,0,-34,19,11,A. Melecio,2,jump shot,2018.11.03,Ynarez,0
5733,DLSU,UST,0,6,3,30,A. Caracut,2,jump shot,2018.11.03,Ynarez,0
5734,DLSU,UST,0,1,6,30,A. Caracut,2,jump shot,2018.11.03,Ynarez,0
5735,DLSU,UST,1,7,14,19,J. Baltazar,2,jump shot,2018.11.03,Ynarez,2
5736,DLSU,UST,0,-7,2,30,A. Caracut,2,jump shot,2018.11.03,Ynarez,0
5737,DLSU,UST,0,-52,53,11,A. Melecio,3,jump shot,2018.11.03,Ynarez,0
5738,DLSU,UST,1,6,0,30,A. Caracut,2,jump shot,2018.11.03,Ynarez,2
5739,DLSU,UST,1,4,2,19,J. Baltazar,2,lay up,2018.11.03,Ynarez,2
5740,DLSU,UST,1,-13,18,25,L. Santillian,2,jump shot,2018.11.03,Ynarez,2
5741,DLSU,UST,1,-31,15,25,L. Santillian,2,jump shot,2018.11.03,Ynarez,2
5742,DLSU,UST,0,-26,15,19,J. Baltazar,2,jump shot,2018.11.03,Ynarez,0
5743,DLSU,UST,0,-7,3,6,J. Manuel,2,jump shot,2018.11.03,Ynarez,0
5744,DLSU,UST,1,8,3,19,J. Baltazar,2,jump shot,2018.11.03,Ynarez,2
5745,DLSU,UST,0,-47,60,11,A. Melecio,3,jump shot,2018.11.03,Ynarez,0
5746,DLSU,UST,1,43,59,11,A. Melecio,3,jump shot,2018.11.03,Ynarez,3
5747,DLSU,UST,1,0,2,19,J. Baltazar,2,dunk,2018.11.03,Ynarez,2
5748,DLSU,UST,1,0,1,19,J. Baltazar,2,dunk,2018.11.03,Ynarez,2
5749,DLSU,UST,1,-3,46,16,J. Go,2,jump shot,2018.11.03,Ynarez,2
5750,DLSU,UST,1,67,30,16,J. Go,3,jump shot,2018.11.03,Ynarez,3
5751,DLSU,UST,1,67,21,16,J. Go,3,jump shot,2018.11.03,Ynarez,3
5752,DLSU,UST,0,35,65,11,A. Melecio,3,jump shot,2018.11.03,Ynarez,0
5753,DLSU,UST,1,33,2,7,M. Dyke,2,jump shot,2018.11.03,Ynarez,2
5754,DLSU,UST,0,-9,2,11,A. Melecio,2,jump shot,2018.11.03,Ynarez,0
5755,DLSU,UST,1,72,0,11,A. Melecio,3,jump shot,2018.11.03,Ynarez,3
5756,DLSU,UST,1,39,61,7,M. Dyke,3,jump shot,2018.11.03,Ynarez,3
5757,DLSU,UST,0,-27,70,24,G. Capacio,3,jump shot,2018.11.03,Ynarez,0
5758,DLSU,UST,1,-51,57,18,F. Serrano,3,jump shot,2018.11.03,Ynarez,3
5759,DLSU,UST,1,4,75,7,M. Dyke,3,jump shot,2018.11.03,Ynarez,3
5760,DLSU,UST,1,-8,2,7,M. Dyke,2,jump shot,2018.11.03,Ynarez,2
5761,DLSU,UST,0,-68,0,18,F. Serrano,3,jump shot,2018.11.03,Ynarez,0
5762,DLSU,UST,0,8,2,7,M. Dyke,2,jump shot,2018.11.03,Ynarez,0
5763,DLSU,UST,1,-29,19,18,F. Serrano,2,jump shot,2018.11.03,Ynarez,2
5764,DLSU,UST,1,-7,2,18,F. Serrano,2,lay up,2018.11.03,Ynarez,2
5765,DLSU,UST,0,29,2,24,G. Capacio,2,jump shot,2018.11.03,Ynarez,0
5766,DLSU,UST,1,-27,73,30,A. Caracut,3,jump shot,2018.11.03,Ynarez,3
5767,DLSU,UST,0,-1,73,25,L. Santillian,3,jump shot,2018.11.03,Ynarez,0
5768,DLSU,UST,1,-43,59,30,A. Caracut,3,jump shot,2018.11.03,Ynarez,3
5769,DLSU,UST,0,-12,73,3,M. Corteza,3,jump shot,2018.11.03,Ynarez,0
5770,DLSU,UST,1,-30,16,18,F. Serrano,2,jump shot,2018.11.03,Ynarez,2
5771,UST,DLSU,0,67,27,6,M. Lee,3,jump shot,2018.11.03,Ynarez,0
5772,UST,DLSU,0,-49,64,8,K. Zamora,3,jump shot,2018.11.03,Ynarez,0
5773,UST,DLSU,1,-5,23,27,C. Cansino,2,jump shot,2018.11.03,Ynarez,2
5774,UST,DLSU,1,-68,-3,6,M. Lee,3,jump shot,2018.11.03,Ynarez,3
5775,UST,DLSU,0,-37,21,11,E. Caunan,2,jump shot,2018.11.03,Ynarez,0
5776,UST,DLSU,1,-1,45,26,G. Mahinay,2,jump shot,2018.11.03,Ynarez,2
5777,UST,DLSU,0,-11,2,5,R. Subido,2,jump shot,2018.11.03,Ynarez,0
5778,UST,DLSU,0,-70,0,5,R. Subido,3,jump shot,2018.11.03,Ynarez,0
5779,UST,DLSU,0,22,3,15,T. Agustin,2,jump shot,2018.11.03,Ynarez,0
5780,UST,DLSU,0,-6,10,26,G. Mahinay,2,jump shot,2018.11.03,Ynarez,0
5781,UST,DLSU,1,6,0,27,C. Cansino,2,jump shot,2018.11.03,Ynarez,2
5782,UST,DLSU,1,-11,74,8,K. Zamora,3,jump shot,2018.11.03,Ynarez,3
5783,UST,DLSU,1,11,28,13,Z. Huang,2,jump shot,2018.11.03,Ynarez,2
5784,UST,DLSU,1,-67,27,6,M. Lee,3,jump shot,2018.11.03,Ynarez,3
5785,UST,DLSU,0,69,2,8,K. Zamora,3,jump shot,2018.11.03,Ynarez,0
5786,UST,DLSU,1,-19,20,27,C. Cansino,2,jump shot,2018.11.03,Ynarez,2
5787,UST,DLSU,1,-8,5,2,I. Batalier,2,jump shot,2018.11.03,Ynarez,2
5788,UST,DLSU,0,-52,53,6,M. Lee,3,jump shot,2018.11.03,Ynarez,0
5789,UST,DLSU,0,52,58,6,M. Lee,3,jump shot,2018.11.03,Ynarez,0
5790,UST,DLSU,0,12,17,2,I. Batalier,2,jump shot,2018.11.03,Ynarez,0
5791,UST,DLSU,0,62,41,8,K. Zamora,3,jump shot,2018.11.03,Ynarez,0
5792,UST,DLSU,0,53,56,8,K. Zamora,3,jump shot,2018.11.03,Ynarez,0
5793,UST,DLSU,0,-70,-2,6,M. Lee,3,jump shot,2018.11.03,Ynarez,0
5794,UST,DLSU,0,19,15,13,Z. Huang,2,jump shot,2018.11.03,Ynarez,0
5795,UST,DLSU,0,6,1,26,G. Mahinay,2,jump shot,2018.11.03,Ynarez,0
5796,UST,DLSU,0,57,111,8,K. Zamora,3,jump shot,2018.11.03,Ynarez,0
5797,UST,DLSU,0,-63,36,6,M. Lee,3,jump shot,2018.11.03,Ynarez,0
5798,UST,DLSU,0,62,38,8,K. Zamora,3,jump shot,2018.11.03,Ynarez,0
5799,UST,DLSU,0,-33,2,5,R. Subido,2,jump shot,2018.11.03,Ynarez,0
5800,UST,DLSU,0,8,3,27,C. Cansino,2,jump shot,2018.11.03,Ynarez,0
5801,UST,DLSU,0,-42,63,5,R. Subido,3,jump shot,2018.11.03,Ynarez,0
5802,UST,DLSU,0,70,0,6,M. Lee,3,jump shot,2018.11.03,Ynarez,0
5803,UST,DLSU,0,3,8,27,C. Cansino,2,jump shot,2018.11.03,Ynarez,0
5804,UST,DLSU,0,-71,0,5,R. Subido,3,jump shot,2018.11.03,Ynarez,0
5805,UST,DLSU,0,68,24,6,M. Lee,3,jump shot,2018.11.03,Ynarez,0
5806,UST,DLSU,1,1,0,27,C. Cansino,2,dunk,2018.11.03,Ynarez,2
5807,UST,DLSU,0,-4,2,2,I. Batalier,2,jump shot,2018.11.03,Ynarez,0
5808,UST,DLSU,1,-3,24,26,G. Mahinay,2,jump shot,2018.11.03,Ynarez,2
5809,UST,DLSU,0,-5,4,5,R. Subido,2,jump shot,2018.11.03,Ynarez,0
5810,UST,DLSU,1,19,16,27,C. Cansino,2,jump shot,2018.11.03,Ynarez,2
5811,UST,DLSU,0,-69,4,4,M. Bonleon,3,jump shot,2018.11.03,Ynarez,0
5812,UST,DLSU,1,-9,4,6,M. Lee,2,jump shot,2018.11.03,Ynarez,2
5813,UST,DLSU,0,-43,63,6,M. Lee,3,jump shot,2018.11.03,Ynarez,0
5814,UST,DLSU,1,36,66,6,M. Lee,3,jump shot,2018.11.03,Ynarez,3
5815,UST,DLSU,0,-7,3,6,M. Lee,2,jump shot,2018.11.03,Ynarez,0
5816,UST,DLSU,0,57,52,6,M. Lee,3,jump shot,2018.11.03,Ynarez,0
5817,UST,DLSU,0,-6,12,15,T. Agustin,2,jump shot,2018.11.03,Ynarez,0
5818,UST,DLSU,0,13,10,2,I. Batalier,2,jump shot,2018.11.03,Ynarez,0
5819,UST,DLSU,0,-8,74,8,K. Zamora,3,jump shot,2018.11.03,Ynarez,0
5820,UST,DLSU,1,56,42,6,M. Lee,3,jump shot,2018.11.03,Ynarez,3
5821,UST,DLSU,0,47,57,8,K. Zamora,3,jump shot,2018.11.03,Ynarez,0
5822,UST,DLSU,0,64,34,6,M. Lee,3,jump shot,2018.11.03,Ynarez,0
5823,UST,DLSU,1,9,0,16,N. Consejo,2,jump shot,2018.11.03,Ynarez,2
5824,UST,DLSU,1,3,77,16,N. Consejo,3,jump shot,2018.11.03,Ynarez,3
5825,UST,DLSU,1,17,34,6,M. Lee,2,jump shot,2018.11.03,Ynarez,2
5826,UST,DLSU,1,62,40,6,M. Lee,3,jump shot,2018.11.03,Ynarez,3
5827,UST,DLSU,0,6,12,7,J. Marcos,2,jump shot,2018.11.03,Ynarez,0
5828,UST,DLSU,0,-9,6,15,T. Agustin,2,jump shot,2018.11.03,Ynarez,0
5829,UST,DLSU,1,3,30,7,J. Marcos,2,jump shot,2018.11.03,Ynarez,2
5830,NU,UP,0,-6,4,5,A. Diputado,2,jump shot,2018.11.03,Ynarez,0
5831,NU,UP,1,7,2,7,M. Salim,2,jump shot,2018.11.03,Ynarez,2
5832,NU,UP,0,-26,24,10,I. Gaye,2,jump shot,2018.11.03,Ynarez,0
5833,NU,UP,1,-3,22,7,M. Salim,2,jump shot,2018.11.03,Ynarez,2
5834,NU,UP,0,4,15,0,S. Ildefonso,2,jump shot,2018.11.03,Ynarez,0
5835,NU,UP,0,-35,2,10,I. Gaye,2,jump shot,2018.11.03,Ynarez,0
5836,NU,UP,0,-27,20,10,I. Gaye,2,jump shot,2018.11.03,Ynarez,0
5837,NU,UP,1,-4,17,0,S. Ildefonso,2,jump shot,2018.11.03,Ynarez,2
5838,NU,UP,0,-45,62,0,S. Ildefonso,3,jump shot,2018.11.03,Ynarez,0
5839,NU,UP,0,-70,-1,1,D. Ildefonso,3,jump shot,2018.11.03,Ynarez,0
5840,NU,UP,0,70,0,1,D. Ildefonso,3,jump shot,2018.11.03,Ynarez,0
5841,NU,UP,0,-9,7,10,I. Gaye,2,jump shot,2018.11.03,Ynarez,0
5842,NU,UP,0,-48,55,9,J. Clemente,3,jump shot,2018.11.03,Ynarez,0
5843,NU,UP,0,2,78,19,J. Gallego,3,jump shot,2018.11.03,Ynarez,0
5844,NU,UP,1,-2,50,6,J. Sinclair,2,jump shot,2018.11.03,Ynarez,2
5845,NU,UP,1,2,30,19,J. Gallego,2,jump shot,2018.11.03,Ynarez,2
5846,NU,UP,1,1,8,6,J. Sinclair,2,lay up,2018.11.03,Ynarez,2
5847,NU,UP,1,16,18,6,J. Sinclair,2,jump shot,2018.11.03,Ynarez,2
5848,NU,UP,1,-8,2,9,J. Clemente,2,jump shot,2018.11.03,Ynarez,2
5849,NU,UP,0,4,51,21,T. Rike,2,jump shot,2018.11.03,Ynarez,0
5850,NU,UP,1,-28,72,9,J. Clemente,3,jump shot,2018.11.03,Ynarez,3
5851,NU,UP,1,0,16,21,T. Rike,2,jump shot,2018.11.03,Ynarez,2
5852,NU,UP,1,-16,12,21,T. Rike,2,jump shot,2018.11.03,Ynarez,2
5853,NU,UP,0,37,6,9,J. Clemente,2,jump shot,2018.11.03,Ynarez,0
5854,NU,UP,0,60,44,1,D. Ildefonso,3,jump shot,2018.11.03,Ynarez,0
5855,NU,UP,0,28,18,1,D. Ildefonso,2,jump shot,2018.11.03,Ynarez,0
5856,NU,UP,0,19,32,10,I. Gaye,2,jump shot,2018.11.03,Ynarez,0
5857,NU,UP,0,64,40,15,D. Yu,3,jump shot,2018.11.03,Ynarez,0
5858,NU,UP,0,-44,17,1,D. Ildefonso,2,jump shot,2018.11.03,Ynarez,0
5859,NU,UP,0,-38,41,21,T. Rike,2,jump shot,2018.11.03,Ynarez,0
5860,NU,UP,0,71,-1,5,A. Diputado,3,jump shot,2018.11.03,Ynarez,0
5861,NU,UP,0,41,67,9,J. Clemente,3,jump shot,2018.11.03,Ynarez,0
5862,NU,UP,0,-5,76,9,J. Clemente,3,jump shot,2018.11.03,Ynarez,0
5863,NU,UP,0,-32,7,21,T. Rike,2,jump shot,2018.11.03,Ynarez,0
5864,NU,UP,0,-11,32,1,D. Ildefonso,2,jump shot,2018.11.03,Ynarez,0
5865,NU,UP,1,-58,45,1,D. Ildefonso,3,jump shot,2018.11.03,Ynarez,3
5866,NU,UP,0,-1,76,9,J. Clemente,3,jump shot,2018.11.03,Ynarez,0
5867,NU,UP,1,1,6,1,D. Ildefonso,2,lay up,2018.11.03,Ynarez,2
5868,NU,UP,1,-7,4,1,D. Ildefonso,2,jump shot,2018.11.03,Ynarez,2
5869,NU,UP,1,-21,46,1,D. Ildefonso,2,jump shot,2018.11.03,Ynarez,2
5870,NU,UP,0,-10,4,19,J. Gallego,2,jump shot,2018.11.03,Ynarez,0
5871,NU,UP,0,-37,74,19,J. Gallego,3,jump shot,2018.11.03,Ynarez,0
5872,NU,UP,0,1,36,1,D. Ildefonso,2,jump shot,2018.11.03,Ynarez,0
5873,NU,UP,1,29,37,7,M. Salim,2,jump shot,2018.11.03,Ynarez,2
5874,NU,UP,1,25,1,6,J. Sinclair,2,jump shot,2018.11.03,Ynarez,2
5875,NU,UP,0,1,75,15,D. Yu,3,jump shot,2018.11.03,Ynarez,0
5876,NU,UP,0,26,72,15,D. Yu,3,jump shot,2018.11.03,Ynarez,0
5877,NU,UP,1,11,2,19,J. Gallego,2,lay up,2018.11.03,Ynarez,2
5878,NU,UP,0,-13,8,19,J. Gallego,2,jump shot,2018.11.03,Ynarez,0
5879,NU,UP,0,13,6,1,D. Ildefonso,2,jump shot,2018.11.03,Ynarez,0
5880,NU,UP,1,5,2,1,D. Ildefonso,2,jump shot,2018.11.03,Ynarez,2
5881,NU,UP,1,7,53,19,J. Gallego,2,jump shot,2018.11.03,Ynarez,2
5882,NU,UP,1,-2,45,19,J. Gallego,2,jump shot,2018.11.03,Ynarez,2
5883,NU,UP,1,-7,3,6,J. Sinclair,2,jump shot,2018.11.03,Ynarez,2
5884,NU,UP,1,17,-1,1,D. Ildefonso,2,jump shot,2018.11.03,Ynarez,2
5885,NU,UP,0,-32,31,19,J. Gallego,2,jump shot,2018.11.03,Ynarez,0
5886,NU,UP,0,-42,64,1,D. Ildefonso,3,jump shot,2018.11.03,Ynarez,0
5887,NU,UP,0,-1,14,0,S. Ildefonso,2,jump shot,2018.11.03,Ynarez,0
5888,NU,UP,1,-70,3,1,D. Ildefonso,3,jump shot,2018.11.03,Ynarez,3
5889,NU,UP,1,62,44,1,D. Ildefonso,3,jump shot,2018.11.03,Ynarez,3
5890,NU,UP,0,69,4,21,T. Rike,3,jump shot,2018.11.03,Ynarez,0
5891,NU,UP,0,-10,5,0,S. Ildefonso,2,jump shot,2018.11.03,Ynarez,0
5892,NU,UP,1,3,8,21,T. Rike,2,jump shot,2018.11.03,Ynarez,2
5893,NU,UP,0,-61,45,15,D. Yu,3,jump shot,2018.11.03,Ynarez,0
5894,NU,UP,0,-10,8,9,J. Clemente,2,jump shot,2018.11.03,Ynarez,0
5895,NU,UP,0,-53,63,19,J. Gallego,3,jump shot,2018.11.03,Ynarez,0
5896,UP,NU,0,35,68,13,J. Manzo,3,jump shot,2018.11.03,Ynarez,0
5897,UP,NU,0,5,75,18,P. Desiderio,3,jump shot,2018.11.03,Ynarez,0
5898,UP,NU,1,7,2,13,J. Manzo,2,lay up,2018.11.03,Ynarez,2
5899,UP,NU,1,-7,0,10,D. Murrell,2,lay up,2018.11.03,Ynarez,2
5900,UP,NU,0,-1,72,11,F. Tungcab,3,jump shot,2018.11.03,Ynarez,0
5901,UP,NU,1,5,0,10,D. Murrell,2,lay up,2018.11.03,Ynarez,2
5902,UP,NU,0,-10,9,11,F. Tungcab,2,jump shot,2018.11.03,Ynarez,0
5903,UP,NU,1,-7,3,13,J. Manzo,2,lay up,2018.11.03,Ynarez,2
5904,UP,NU,0,5,0,0,B. Akhuetie,2,jump shot,2018.11.03,Ynarez,0
5905,UP,NU,0,3,5,0,B. Akhuetie,2,jump shot,2018.11.03,Ynarez,0
5906,UP,NU,0,57,51,10,D. Murrell,3,jump shot,2018.11.03,Ynarez,0
5907,UP,NU,1,-7,2,19,W. Gozum,2,lay up,2018.11.03,Ynarez,2
5908,UP,NU,0,32,31,1,Ju. Gomez de Liaño,2,jump shot,2018.11.03,Ynarez,0
5909,UP,NU,0,34,65,19,W. Gozum,3,jump shot,2018.11.03,Ynarez,0
5910,UP,NU,1,-9,4,15,C. Vito,2,jump shot,2018.11.03,Ynarez,2
5911,UP,NU,1,0,6,19,W. Gozum,2,jump shot,2018.11.03,Ynarez,2
5912,UP,NU,0,-9,18,13,J. Manzo,2,jump shot,2018.11.03,Ynarez,0
5913,UP,NU,0,56,53,15,C. Vito,3,jump shot,2018.11.03,Ynarez,0
5914,UP,NU,1,-6,2,0,B. Akhuetie,2,jump shot,2018.11.03,Ynarez,2
5915,UP,NU,1,52,50,1,Ju. Gomez de Liaño,3,jump shot,2018.11.03,Ynarez,3
5916,UP,NU,0,2,12,0,B. Akhuetie,2,jump shot,2018.11.03,Ynarez,0
5917,UP,NU,1,-32,27,1,Ju. Gomez de Liaño,2,jump shot,2018.11.03,Ynarez,2
5918,UP,NU,1,-7,0,0,B. Akhuetie,2,jump shot,2018.11.03,Ynarez,2
5919,UP,NU,1,8,1,0,B. Akhuetie,2,jump shot,2018.11.03,Ynarez,2
5920,UP,NU,0,1,76,1,Ju. Gomez de Liaño,3,jump shot,2018.11.03,Ynarez,0
5921,UP,NU,1,-1,1,6,Ja. Gomez de Liaño,2,dunk,2018.11.03,Ynarez,2
5922,UP,NU,0,7,2,11,F. Tungcab,2,jump shot,2018.11.03,Ynarez,0
5923,UP,NU,0,-3,13,18,P. Desiderio,2,jump shot,2018.11.03,Ynarez,0
5924,UP,NU,0,-43,61,18,P. Desiderio,3,jump shot,2018.11.03,Ynarez,0
5925,UP,NU,0,25,71,13,J. Manzo,3,jump shot,2018.11.03,Ynarez,0
5926,UP,NU,1,6,0,13,J. Manzo,2,lay up,2018.11.03,Ynarez,2
5927,UP,NU,0,29,2,18,P. Desiderio,2,jump shot,2018.11.03,Ynarez,0
5928,UP,NU,1,-1,8,0,B. Akhuetie,2,jump shot,2018.11.03,Ynarez,2
5929,UP,NU,0,-70,-3,18,P. Desiderio,3,jump shot,2018.11.03,Ynarez,0
5930,UP,NU,0,-64,41,1,Ju. Gomez de Liaño,3,jump shot,2018.11.03,Ynarez,0
5931,UP,NU,1,44,0,20,J. Prado,2,jump shot,2018.11.03,Ynarez,2
5932,UP,NU,1,5,1,18,P. Desiderio,2,lay up,2018.11.03,Ynarez,2
5933,UP,NU,1,-6,2,0,B. Akhuetie,2,lay up,2018.11.03,Ynarez,2
5934,UP,NU,1,-5,2,0,B. Akhuetie,2,jump shot,2018.11.03,Ynarez,2
5935,UP,NU,0,-21,71,1,Ju. Gomez de Liaño,3,jump shot,2018.11.03,Ynarez,0
5936,UP,NU,1,-47,0,20,J. Prado,2,jump shot,2018.11.03,Ynarez,2
5937,UP,NU,0,7,1,10,D. Murrell,2,jump shot,2018.11.03,Ynarez,0
5938,UP,NU,0,0,78,13,J. Manzo,3,jump shot,2018.11.03,Ynarez,0
5939,UP,NU,1,6,5,13,J. Manzo,2,lay up,2018.11.03,Ynarez,2
5940,UP,NU,0,-6,3,1,Ju. Gomez de Liaño,2,jump shot,2018.11.03,Ynarez,0
5941,UP,NU,0,12,73,18,P. Desiderio,3,jump shot,2018.11.03,Ynarez,0
5942,UP,NU,1,0,2,20,J. Prado,2,dunk,2018.11.03,Ynarez,2
5943,UP,NU,1,8,47,1,Ju. Gomez de Liaño,2,jump shot,2018.11.03,Ynarez,2
5944,UP,NU,0,-42,10,1,Ju. Gomez de Liaño,2,jump shot,2018.11.03,Ynarez,0
5945,UP,NU,1,6,2,10,D. Murrell,2,lay up,2018.11.03,Ynarez,2
5946,UP,NU,0,-7,10,20,J. Prado,2,jump shot,2018.11.03,Ynarez,0
5947,UP,NU,1,-29,0,1,Ju. Gomez de Liaño,2,jump shot,2018.11.03,Ynarez,2
5948,UP,NU,1,8,3,0,B. Akhuetie,2,lay up,2018.11.03,Ynarez,2
5949,UP,NU,1,8,2,18,P. Desiderio,2,jump shot,2018.11.03,Ynarez,2
5950,UP,NU,1,-10,53,18,P. Desiderio,2,jump shot,2018.11.03,Ynarez,2
5951,UP,NU,1,-7,2,0,B. Akhuetie,2,jump shot,2018.11.03,Ynarez,2
5952,UP,NU,1,-27,8,0,B. Akhuetie,2,jump shot,2018.11.03,Ynarez,2
5953,UP,NU,0,0,13,15,C. Vito,2,jump shot,2018.11.03,Ynarez,0
5954,UP,NU,0,15,5,1,Ju. Gomez de Liaño,2,jump shot,2018.11.03,Ynarez,0
5955,UP,NU,1,-2,11,15,C. Vito,2,jump shot,2018.11.03,Ynarez,2
5956,UP,NU,1,-13,3,18,P. Desiderio,2,jump shot,2018.11.03,Ynarez,2
5957,UP,NU,0,71,-1,17,F. Jaboneta,3,jump shot,2018.11.03,Ynarez,0
5958,UP,NU,0,7,3,18,P. Desiderio,2,jump shot,2018.11.03,Ynarez,0
5959,UP,NU,1,5,4,15,C. Vito,2,jump shot,2018.11.03,Ynarez,2
5960,UP,NU,1,-6,2,18,P. Desiderio,2,jump shot,2018.11.03,Ynarez,2
5961,UP,NU,0,7,9,13,J. Manzo,2,jump shot,2018.11.03,Ynarez,0
5962,UP,NU,1,8,3,15,C. Vito,2,jump shot,2018.11.03,Ynarez,2
5963,UP,NU,0,66,33,15,C. Vito,3,jump shot,2018.11.03,Ynarez,0
5964,UP,NU,1,-6,1,18,P. Desiderio,2,lay up,2018.11.03,Ynarez,2
5965,UP,NU,1,0,2,10,D. Murrell,2,dunk,2018.11.03,Ynarez,2
5966,UE,FEU,0,-22,70,23,A. Pasaol,3,jump shot,2018.11.04,Ynarez,0
5967,UE,FEU,0,-69,27,23,A. Pasaol,3,jump shot,2018.11.04,Ynarez,0
5968,UE,FEU,0,-37,14,21,W. Bartolome,2,jump shot,2018.11.04,Ynarez,0
5969,UE,FEU,1,6,15,21,W. Bartolome,2,jump shot,2018.11.04,Ynarez,2
5970,UE,FEU,0,58,59,23,A. Pasaol,3,jump shot,2018.11.04,Ynarez,0
5971,UE,FEU,0,-2,30,1,C. Conner,2,jump shot,2018.11.04,Ynarez,0
5972,UE,FEU,0,65,41,1,C. Conner,3,jump shot,2018.11.04,Ynarez,0
5973,UE,FEU,0,-10,14,23,A. Pasaol,2,jump shot,2018.11.04,Ynarez,0
5974,UE,FEU,0,-48,55,18,P. Manalang,3,jump shot,2018.11.04,Ynarez,0
5975,UE,FEU,0,37,54,9,J. Varilla,2,jump shot,2018.11.04,Ynarez,0
5976,UE,FEU,1,-38,60,18,P. Manalang,3,jump shot,2018.11.04,Ynarez,3
5977,UE,FEU,1,38,64,18,P. Manalang,3,jump shot,2018.11.04,Ynarez,3
5978,UE,FEU,0,-47,-2,17,R. Acuno,2,jump shot,2018.11.04,Ynarez,0
5979,UE,FEU,0,46,59,23,A. Pasaol,3,jump shot,2018.11.04,Ynarez,0
5980,UE,FEU,1,5,28,9,J. Varilla,2,jump shot,2018.11.04,Ynarez,2
5981,UE,FEU,0,-34,23,17,R. Acuno,2,jump shot,2018.11.04,Ynarez,0
5982,UE,FEU,0,46,64,9,J. Varilla,3,jump shot,2018.11.04,Ynarez,0
5983,UE,FEU,0,-19,6,12,S. Gagate,2,jump shot,2018.11.04,Ynarez,0
5984,UE,FEU,0,18,76,81,J. Antiporda,3,jump shot,2018.11.04,Ynarez,0
5985,UE,FEU,0,12,30,23,A. Pasaol,2,jump shot,2018.11.04,Ynarez,0
5986,UE,FEU,0,45,25,18,P. Manalang,2,jump shot,2018.11.04,Ynarez,0
5987,UE,FEU,0,-23,13,18,P. Manalang,2,jump shot,2018.11.04,Ynarez,0
5988,UE,FEU,0,-4,11,23,A. Pasaol,2,jump shot,2018.11.04,Ynarez,0
5989,UE,FEU,0,39,65,18,P. Manalang,3,jump shot,2018.11.04,Ynarez,0
5990,UE,FEU,0,-54,49,9,J. Varilla,3,jump shot,2018.11.04,Ynarez,0
5991,UE,FEU,0,-45,32,23,A. Pasaol,2,jump shot,2018.11.04,Ynarez,0
5992,UE,FEU,1,35,65,23,A. Pasaol,3,jump shot,2018.11.04,Ynarez,3
5993,UE,FEU,1,2,45,23,A. Pasaol,2,jump shot,2018.11.04,Ynarez,2
5994,UE,FEU,0,-53,3,26,J. Cullar,2,jump shot,2018.11.04,Ynarez,0
5995,UE,FEU,0,28,68,23,A. Pasaol,3,jump shot,2018.11.04,Ynarez,0
5996,UE,FEU,0,68,4,9,J. Varilla,3,jump shot,2018.11.04,Ynarez,0
5997,UE,FEU,1,9,78,81,J. Antiporda,3,jump shot,2018.11.04,Ynarez,3
5998,UE,FEU,0,9,43,12,S. Gagate,2,jump shot,2018.11.04,Ynarez,0
5999,UE,FEU,0,-4,16,23,A. Pasaol,2,jump shot,2018.11.04,Ynarez,0
6000,UE,FEU,1,-62,41,2,M. Maloles,3,jump shot,2018.11.04,Ynarez,3
6001,UE,FEU,0,-30,66,2,M. Maloles,3,jump shot,2018.11.04,Ynarez,0
6002,UE,FEU,0,37,29,18,P. Manalang,2,jump shot,2018.11.04,Ynarez,0
6003,UE,FEU,0,12,8,23,A. Pasaol,2,jump shot,2018.11.04,Ynarez,0
6004,UE,FEU,1,-34,40,12,S. Gagate,2,jump shot,2018.11.04,Ynarez,2
6005,UE,FEU,0,-4,22,18,P. Manalang,2,jump shot,2018.11.04,Ynarez,0
6006,UE,FEU,1,21,22,26,J. Cullar,2,jump shot,2018.11.04,Ynarez,2
6007,UE,FEU,0,-6,76,23,A. Pasaol,3,jump shot,2018.11.04,Ynarez,0
6008,UE,FEU,0,67,5,18,P. Manalang,3,jump shot,2018.11.04,Ynarez,0
6009,UE,FEU,1,-50,69,23,A. Pasaol,3,jump shot,2018.11.04,Ynarez,3
6010,UE,FEU,0,-58,45,23,A. Pasaol,3,jump shot,2018.11.04,Ynarez,0
6011,UE,FEU,0,19,9,7,A. Beltran,2,jump shot,2018.11.04,Ynarez,0
6012,UE,FEU,0,47,10,23,A. Pasaol,2,jump shot,2018.11.04,Ynarez,0
6013,UE,FEU,1,40,62,23,A. Pasaol,3,jump shot,2018.11.04,Ynarez,3
6014,UE,FEU,1,-2,17,26,J. Cullar,2,jump shot,2018.11.04,Ynarez,2
6015,UE,FEU,0,-30,6,23,A. Pasaol,2,jump shot,2018.11.04,Ynarez,0
6016,UE,FEU,0,57,53,23,A. Pasaol,3,jump shot,2018.11.04,Ynarez,0
6017,UE,FEU,1,3,72,23,A. Pasaol,3,jump shot,2018.11.04,Ynarez,3
6018,UE,FEU,1,-3,15,23,A. Pasaol,2,lay up,2018.11.04,Ynarez,2
6019,UE,FEU,1,-28,16,23,A. Pasaol,2,jump shot,2018.11.04,Ynarez,2
6020,UE,FEU,0,-11,29,18,P. Manalang,2,jump shot,2018.11.04,Ynarez,0
6021,UE,FEU,0,-3,26,18,P. Manalang,2,jump shot,2018.11.04,Ynarez,0
6022,UE,FEU,0,42,23,1,C. Conner,2,jump shot,2018.11.04,Ynarez,0
6023,UE,FEU,0,-71,11,23,A. Pasaol,3,jump shot,2018.11.04,Ynarez,0
6024,UE,FEU,1,20,7,9,J. Varilla,2,jump shot,2018.11.04,Ynarez,2
6025,UE,FEU,0,9,16,26,J. Cullar,2,jump shot,2018.11.04,Ynarez,0
6026,UE,FEU,1,46,34,26,J. Cullar,2,jump shot,2018.11.04,Ynarez,2
6027,UE,FEU,0,21,70,23,A. Pasaol,3,jump shot,2018.11.04,Ynarez,0
6028,UE,FEU,0,31,7,23,A. Pasaol,2,jump shot,2018.11.04,Ynarez,0
6029,UE,FEU,1,-20,24,23,A. Pasaol,2,jump shot,2018.11.04,Ynarez,2
6030,UE,FEU,0,15,83,23,A. Pasaol,3,jump shot,2018.11.04,Ynarez,0
6031,UE,FEU,0,-27,15,23,A. Pasaol,2,jump shot,2018.11.04,Ynarez,0
6032,UE,FEU,1,61,29,22,J. Sobrevega,3,jump shot,2018.11.04,Ynarez,3
6033,UE,FEU,1,56,45,84,R. Gallardo,3,jump shot,2018.11.04,Ynarez,3
6034,FEU,UE,0,-6,11,8,B. Ebona,2,jump shot,2018.11.04,Ynarez,0
6035,FEU,UE,1,14,15,8,B. Ebona,2,lay up,2018.11.04,Ynarez,2
6036,FEU,UE,0,-60,0,3,J. Parker,2,jump shot,2018.11.04,Ynarez,0
6037,FEU,UE,0,18,52,3,J. Parker,2,jump shot,2018.11.04,Ynarez,0
6038,FEU,UE,1,-62,42,20,K. Tuffin,3,jump shot,2018.11.04,Ynarez,3
6039,FEU,UE,0,-1,29,2,A. Stockton,2,jump shot,2018.11.04,Ynarez,0
6040,FEU,UE,1,-4,77,41,A. Tolentino,3,jump shot,2018.11.04,Ynarez,3
6041,FEU,UE,0,-28,73,3,J. Parker,3,jump shot,2018.11.04,Ynarez,0
6042,FEU,UE,0,-39,32,11,R. Ramirez,2,jump shot,2018.11.04,Ynarez,0
6043,FEU,UE,1,56,46,20,K. Tuffin,3,jump shot,2018.11.04,Ynarez,3
6044,FEU,UE,1,-15,15,8,B. Ebona,2,jump shot,2018.11.04,Ynarez,2
6045,FEU,UE,0,68,11,20,K. Tuffin,3,jump shot,2018.11.04,Ynarez,0
6046,FEU,UE,0,48,59,41,A. Tolentino,3,jump shot,2018.11.04,Ynarez,0
6047,FEU,UE,0,-6,38,41,A. Tolentino,2,jump shot,2018.11.04,Ynarez,0
6048,FEU,UE,0,58,50,21,R. Escoto,3,jump shot,2018.11.04,Ynarez,0
6049,FEU,UE,0,-16,14,21,R. Escoto,2,jump shot,2018.11.04,Ynarez,0
6050,FEU,UE,1,-25,24,21,R. Escoto,2,jump shot,2018.11.04,Ynarez,2
6051,FEU,UE,0,-7,15,13,L. Gonzales,2,jump shot,2018.11.04,Ynarez,0
6052,FEU,UE,0,38,12,15,B. Bienes,2,jump shot,2018.11.04,Ynarez,0
6053,FEU,UE,1,0,81,15,B. Bienes,3,jump shot,2018.11.04,Ynarez,3
6054,FEU,UE,0,-59,41,20,K. Tuffin,3,jump shot,2018.11.04,Ynarez,0
6055,FEU,UE,0,-34,40,10,W. Comboy,2,jump shot,2018.11.04,Ynarez,0
6056,FEU,UE,1,-7,25,10,W. Comboy,2,lay up,2018.11.04,Ynarez,2
6057,FEU,UE,1,28,71,41,A. Tolentino,3,jump shot,2018.11.04,Ynarez,3
6058,FEU,UE,0,-31,22,41,A. Tolentino,2,jump shot,2018.11.04,Ynarez,0
6059,FEU,UE,1,69,14,41,A. Tolentino,3,jump shot,2018.11.04,Ynarez,3
6060,FEU,UE,1,-8,57,41,A. Tolentino,2,jump shot,2018.11.04,Ynarez,2
6061,FEU,UE,1,38,34,41,A. Tolentino,2,jump shot,2018.11.04,Ynarez,2
6062,FEU,UE,1,-14,12,8,B. Ebona,2,jump shot,2018.11.04,Ynarez,2
6063,FEU,UE,0,-71,3,5,A. Inigo,3,jump shot,2018.11.04,Ynarez,0
6064,FEU,UE,0,-42,36,2,A. Stockton,2,jump shot,2018.11.04,Ynarez,0
6065,FEU,UE,0,61,41,20,K. Tuffin,3,jump shot,2018.11.04,Ynarez,0
6066,FEU,UE,1,27,54,2,A. Stockton,2,jump shot,2018.11.04,Ynarez,2
6067,FEU,UE,1,-53,50,20,K. Tuffin,3,jump shot,2018.11.04,Ynarez,3
6068,FEU,UE,1,-2,52,3,J. Parker,2,jump shot,2018.11.04,Ynarez,2
6069,FEU,UE,0,0,16,8,B. Ebona,2,jump shot,2018.11.04,Ynarez,0
6070,FEU,UE,0,-9,16,2,A. Stockton,2,jump shot,2018.11.04,Ynarez,0
6071,FEU,UE,1,54,49,41,A. Tolentino,3,jump shot,2018.11.04,Ynarez,3
6072,FEU,UE,0,-23,73,41,A. Tolentino,3,jump shot,2018.11.04,Ynarez,0
6073,FEU,UE,0,9,13,8,B. Ebona,2,jump shot,2018.11.04,Ynarez,0
6074,FEU,UE,0,4,75,41,A. Tolentino,3,jump shot,2018.11.04,Ynarez,0
6075,FEU,UE,1,-43,59,15,B. Bienes,3,jump shot,2018.11.04,Ynarez,3
6076,FEU,UE,0,10,73,11,R. Ramirez,3,jump shot,2018.11.04,Ynarez,0
6077,FEU,UE,0,27,22,21,R. Escoto,2,jump shot,2018.11.04,Ynarez,0
6078,FEU,UE,0,11,39,10,W. Comboy,2,jump shot,2018.11.04,Ynarez,0
6079,FEU,UE,1,-26,65,15,B. Bienes,3,jump shot,2018.11.04,Ynarez,3
6080,FEU,UE,0,-33,62,15,B. Bienes,3,jump shot,2018.11.04,Ynarez,0
6081,FEU,UE,0,55,43,10,W. Comboy,3,jump shot,2018.11.04,Ynarez,0
6082,FEU,UE,1,68,22,5,A. Inigo,3,jump shot,2018.11.04,Ynarez,3
6083,FEU,UE,1,-42,68,13,L. Gonzales,3,jump shot,2018.11.04,Ynarez,3
6084,FEU,UE,0,59,43,2,A. Stockton,3,jump shot,2018.11.04,Ynarez,0
6085,FEU,UE,0,22,3,21,R. Escoto,2,jump shot,2018.11.04,Ynarez,0
6086,FEU,UE,0,-25,5,2,A. Stockton,2,jump shot,2018.11.04,Ynarez,0
6087,FEU,UE,0,40,53,21,R. Escoto,2,jump shot,2018.11.04,Ynarez,0
6088,FEU,UE,1,69,17,20,K. Tuffin,3,jump shot,2018.11.04,Ynarez,3
6089,FEU,UE,1,27,27,41,A. Tolentino,2,jump shot,2018.11.04,Ynarez,2
6090,FEU,UE,0,1,12,2,A. Stockton,2,jump shot,2018.11.04,Ynarez,0
6091,FEU,UE,1,-64,37,20,K. Tuffin,3,jump shot,2018.11.04,Ynarez,3
6092,FEU,UE,0,-48,59,9,H. Cani,3,jump shot,2018.11.04,Ynarez,0
6093,FEU,UE,1,-12,17,8,B. Ebona,2,jump shot,2018.11.04,Ynarez,2
6094,FEU,UE,1,-15,41,21,R. Escoto,2,jump shot,2018.11.04,Ynarez,2
6095,FEU,UE,0,-66,19,3,J. Parker,3,jump shot,2018.11.04,Ynarez,0
6096,FEU,UE,1,-68,13,1,J. Nunag,3,jump shot,2018.11.04,Ynarez,3
6097,FEU,UE,0,-36,25,11,R. Ramirez,2,jump shot,2018.11.04,Ynarez,0
6098,ADMU,ADU,1,27,72,0,T. Ravena,3,jump shot,2018.11.04,Ynarez,3
6099,ADMU,ADU,0,20,18,4,A. Asistio,2,jump shot,2018.11.04,Ynarez,0
6100,ADMU,ADU,1,-17,10,34,A. Kouame,2,jump shot,2018.11.04,Ynarez,2
6101,ADMU,ADU,0,1,38,0,T. Ravena,2,jump shot,2018.11.04,Ynarez,0
6102,ADMU,ADU,0,57,48,4,A. Asistio,3,jump shot,2018.11.04,Ynarez,0
6103,ADMU,ADU,0,19,49,22,R. Verano,2,jump shot,2018.11.04,Ynarez,0
6104,ADMU,ADU,0,53,67,4,A. Asistio,3,jump shot,2018.11.04,Ynarez,0
6105,ADMU,ADU,0,11,75,19,T. Tio,3,jump shot,2018.11.04,Ynarez,0
6106,ADMU,ADU,0,39,62,3,A. Wong,3,jump shot,2018.11.04,Ynarez,0
6107,ADMU,ADU,1,-41,21,27,S. Belangel,2,jump shot,2018.11.04,Ynarez,2
6108,ADMU,ADU,0,-68,17,10,J. Mendoza,3,jump shot,2018.11.04,Ynarez,0
6109,ADMU,ADU,0,-2,25,27,S. Belangel,2,jump shot,2018.11.04,Ynarez,0
6110,ADMU,ADU,1,-3,12,11,I. Go,2,jump shot,2018.11.04,Ynarez,2
6111,ADMU,ADU,0,0,79,13,W. Navarro,3,jump shot,2018.11.04,Ynarez,0
6112,ADMU,ADU,0,-46,16,13,W. Navarro,2,jump shot,2018.11.04,Ynarez,0
6113,ADMU,ADU,0,-16,70,3,A. Wong,3,jump shot,2018.11.04,Ynarez,0
6114,ADMU,ADU,0,38,30,10,J. Mendoza,2,jump shot,2018.11.04,Ynarez,0
6115,ADMU,ADU,0,-38,60,0,T. Ravena,3,jump shot,2018.11.04,Ynarez,0
6116,ADMU,ADU,0,46,27,19,T. Tio,2,jump shot,2018.11.04,Ynarez,0
6117,ADMU,ADU,0,-43,39,5,G. Mamuyac,2,jump shot,2018.11.04,Ynarez,0
6118,ADMU,ADU,0,12,22,5,G. Mamuyac,2,jump shot,2018.11.04,Ynarez,0
6119,ADMU,ADU,0,70,17,12,J. Nieto,3,jump shot,2018.11.04,Ynarez,0
6120,ADMU,ADU,0,40,71,19,T. Tio,3,jump shot,2018.11.04,Ynarez,0
6121,ADMU,ADU,1,0,2,34,A. Kouame,2,tip in,2018.11.04,Ynarez,2
6122,ADMU,ADU,1,14,13,5,G. Mamuyac,2,jump shot,2018.11.04,Ynarez,2
6123,ADMU,ADU,1,-46,57,11,I. Go,3,jump shot,2018.11.04,Ynarez,3
6124,ADMU,ADU,1,71,8,7,M. Nieto,3,jump shot,2018.11.04,Ynarez,3
6125,ADMU,ADU,0,-44,33,12,J. Nieto,2,jump shot,2018.11.04,Ynarez,0
6126,ADMU,ADU,0,-11,50,19,T. Tio,2,jump shot,2018.11.04,Ynarez,0
6127,ADMU,ADU,1,-66,25,11,I. Go,3,jump shot,2018.11.04,Ynarez,3
6128,ADMU,ADU,0,-22,9,12,J. Nieto,2,jump shot,2018.11.04,Ynarez,0
6129,ADMU,ADU,0,63,45,22,R. Verano,3,jump shot,2018.11.04,Ynarez,0
6130,ADMU,ADU,1,14,13,22,R. Verano,2,jump shot,2018.11.04,Ynarez,2
6131,ADMU,ADU,1,42,61,4,A. Asistio,3,jump shot,2018.11.04,Ynarez,3
6132,ADMU,ADU,1,-48,50,4,A. Asistio,3,jump shot,2018.11.04,Ynarez,3
6133,ADMU,ADU,0,-43,58,4,A. Asistio,3,jump shot,2018.11.04,Ynarez,0
6134,ADMU,ADU,0,-31,78,11,I. Go,3,jump shot,2018.11.04,Ynarez,0
6135,ADMU,ADU,0,15,40,27,S. Belangel,2,jump shot,2018.11.04,Ynarez,0
6136,ADMU,ADU,0,-20,5,0,T. Ravena,2,jump shot,2018.11.04,Ynarez,0
6137,ADMU,ADU,0,-35,67,11,I. Go,3,jump shot,2018.11.04,Ynarez,0
6138,ADMU,ADU,1,2,14,11,I. Go,2,jump shot,2018.11.04,Ynarez,2
6139,ADMU,ADU,0,-26,79,27,S. Belangel,3,jump shot,2018.11.04,Ynarez,0
6140,ADMU,ADU,0,0,25,5,G. Mamuyac,2,jump shot,2018.11.04,Ynarez,0
6141,ADMU,ADU,0,7,72,0,T. Ravena,3,jump shot,2018.11.04,Ynarez,0
6142,ADMU,ADU,0,40,65,22,R. Verano,3,jump shot,2018.11.04,Ynarez,0
6143,ADMU,ADU,0,-26,77,27,S. Belangel,3,jump shot,2018.11.04,Ynarez,0
6144,ADMU,ADU,0,42,56,34,A. Kouame,3,jump shot,2018.11.04,Ynarez,0
6145,ADMU,ADU,0,25,27,22,R. Verano,2,jump shot,2018.11.04,Ynarez,0
6146,ADMU,ADU,0,23,12,7,M. Nieto,2,jump shot,2018.11.04,Ynarez,0
6147,ADMU,ADU,1,-11,10,34,A. Kouame,2,lay up,2018.11.04,Ynarez,2
6148,ADMU,ADU,1,34,62,19,T. Tio,3,jump shot,2018.11.04,Ynarez,3
6149,ADMU,ADU,1,-53,51,12,J. Nieto,3,jump shot,2018.11.04,Ynarez,3
6150,ADMU,ADU,0,67,30,22,R. Verano,3,jump shot,2018.11.04,Ynarez,0
6151,ADMU,ADU,0,-32,39,19,T. Tio,2,jump shot,2018.11.04,Ynarez,0
6152,ADMU,ADU,0,6,22,22,R. Verano,2,jump shot,2018.11.04,Ynarez,0
6153,ADMU,ADU,1,-3,9,19,T. Tio,2,jump shot,2018.11.04,Ynarez,2
6154,ADMU,ADU,0,-4,24,11,I. Go,2,jump shot,2018.11.04,Ynarez,0
6155,ADMU,ADU,1,-13,23,12,J. Nieto,2,jump shot,2018.11.04,Ynarez,2
6156,ADMU,ADU,1,-1,0,0,T. Ravena,2,dunk,2018.11.04,Ynarez,2
6157,ADMU,ADU,0,55,48,11,I. Go,3,jump shot,2018.11.04,Ynarez,0
6158,ADU,ADMU,0,67,35,14,J. Pingoy,3,jump shot,2018.11.04,Ynarez,0
6159,ADU,ADMU,0,15,32,29,V. Magbuhos,2,jump shot,2018.11.04,Ynarez,0
6160,ADU,ADMU,0,-33,32,2,J. Ahanmisi,2,jump shot,2018.11.04,Ynarez,0
6161,ADU,ADMU,1,-4,17,2,J. Ahanmisi,2,lay up,2018.11.04,Ynarez,2
6162,ADU,ADMU,0,4,18,1,S. Manganti,2,jump shot,2018.11.04,Ynarez,0
6163,ADU,ADMU,0,-21,15,1,S. Manganti,2,jump shot,2018.11.04,Ynarez,0
6164,ADU,ADMU,0,59,38,1,S. Manganti,3,jump shot,2018.11.04,Ynarez,0
6165,ADU,ADMU,0,8,25,21,P. Sarr,2,jump shot,2018.11.04,Ynarez,0
6166,ADU,ADMU,0,15,4,7,J. Lastimosa,2,jump shot,2018.11.04,Ynarez,0
6167,ADU,ADMU,0,0,44,21,P. Sarr,2,jump shot,2018.11.04,Ynarez,0
6168,ADU,ADMU,1,18,13,29,V. Magbuhos,2,jump shot,2018.11.04,Ynarez,2
6169,ADU,ADMU,1,4,16,7,J. Lastimosa,2,lay up,2018.11.04,Ynarez,2
6170,ADU,ADMU,0,15,10,10,S. Camacho,2,jump shot,2018.11.04,Ynarez,0
6171,ADU,ADMU,1,68,15,7,J. Lastimosa,3,jump shot,2018.11.04,Ynarez,3
6172,ADU,ADMU,0,-38,37,25,K. Zaldivar,2,jump shot,2018.11.04,Ynarez,0
6173,ADU,ADMU,0,9,13,4,C. Catapusan,2,jump shot,2018.11.04,Ynarez,0
6174,ADU,ADMU,0,-9,21,7,J. Lastimosa,2,jump shot,2018.11.04,Ynarez,0
6175,ADU,ADMU,0,46,19,2,J. Ahanmisi,2,jump shot,2018.11.04,Ynarez,0
6176,ADU,ADMU,0,0,19,14,J. Pingoy,2,jump shot,2018.11.04,Ynarez,0
6177,ADU,ADMU,0,62,40,1,S. Manganti,3,jump shot,2018.11.04,Ynarez,0
6178,ADU,ADMU,0,-20,82,14,J. Pingoy,3,jump shot,2018.11.04,Ynarez,0
6179,ADU,ADMU,1,-18,-2,10,S. Camacho,2,jump shot,2018.11.04,Ynarez,2
6180,ADU,ADMU,0,-27,30,10,S. Camacho,2,jump shot,2018.11.04,Ynarez,0
6181,ADU,ADMU,0,11,16,29,V. Magbuhos,2,jump shot,2018.11.04,Ynarez,0
6182,ADU,ADMU,0,-15,19,2,J. Ahanmisi,2,jump shot,2018.11.04,Ynarez,0
6183,ADU,ADMU,0,-27,17,21,P. Sarr,2,jump shot,2018.11.04,Ynarez,0
6184,ADU,ADMU,0,-46,51,2,J. Ahanmisi,3,jump shot,2018.11.04,Ynarez,0
6185,ADU,ADMU,1,-40,25,21,P. Sarr,2,jump shot,2018.11.04,Ynarez,2
6186,ADU,ADMU,0,11,6,21,P. Sarr,2,jump shot,2018.11.04,Ynarez,0
6187,ADU,ADMU,0,-19,3,29,V. Magbuhos,2,jump shot,2018.11.04,Ynarez,0
6188,ADU,ADMU,0,-69,10,2,J. Ahanmisi,3,jump shot,2018.11.04,Ynarez,0
6189,ADU,ADMU,0,-10,12,7,J. Lastimosa,2,jump shot,2018.11.04,Ynarez,0
6190,ADU,ADMU,1,-53,50,19,E. Mojica,3,jump shot,2018.11.04,Ynarez,3
6191,ADU,ADMU,0,-13,17,29,V. Magbuhos,2,jump shot,2018.11.04,Ynarez,0
6192,ADU,ADMU,1,6,19,21,P. Sarr,2,lay up,2018.11.04,Ynarez,2
6193,ADU,ADMU,1,53,56,7,J. Lastimosa,3,jump shot,2018.11.04,Ynarez,3
6194,ADU,ADMU,1,13,31,1,S. Manganti,2,jump shot,2018.11.04,Ynarez,2
6195,ADU,ADMU,0,18,13,1,S. Manganti,2,jump shot,2018.11.04,Ynarez,0
6196,ADU,ADMU,0,-2,17,21,P. Sarr,2,jump shot,2018.11.04,Ynarez,0
6197,ADU,ADMU,0,64,43,7,J. Lastimosa,3,jump shot,2018.11.04,Ynarez,0
6198,ADU,ADMU,1,-70,3,7,J. Lastimosa,3,jump shot,2018.11.04,Ynarez,3
6199,ADU,ADMU,1,9,16,7,J. Lastimosa,2,lay up,2018.11.04,Ynarez,2
6200,ADU,ADMU,0,-3,81,2,J. Ahanmisi,3,jump shot,2018.11.04,Ynarez,0
6201,ADU,ADMU,0,62,35,19,E. Mojica,3,jump shot,2018.11.04,Ynarez,0
6202,ADU,ADMU,0,-15,9,10,S. Camacho,2,jump shot,2018.11.04,Ynarez,0
6203,ADU,ADMU,0,-36,25,2,J. Ahanmisi,2,jump shot,2018.11.04,Ynarez,0
6204,ADU,ADMU,1,70,7,1,S. Manganti,3,jump shot,2018.11.04,Ynarez,3
6205,ADU,ADMU,0,-20,7,21,P. Sarr,2,jump shot,2018.11.04,Ynarez,0
6206,ADU,ADMU,0,-18,15,1,S. Manganti,2,jump shot,2018.11.04,Ynarez,0
6207,ADU,ADMU,0,-52,53,1,S. Manganti,3,jump shot,2018.11.04,Ynarez,0
6208,ADU,ADMU,0,-20,20,2,J. Ahanmisi,2,jump shot,2018.11.04,Ynarez,0
6209,ADU,ADMU,1,-32,70,2,J. Ahanmisi,3,jump shot,2018.11.04,Ynarez,3
6210,ADU,ADMU,1,14,2,2,J. Ahanmisi,2,jump shot,2018.11.04,Ynarez,2
6211,ADU,ADMU,0,-66,34,10,S. Camacho,3,jump shot,2018.11.04,Ynarez,0
6212,ADU,ADMU,0,69,20,1,S. Manganti,3,jump shot,2018.11.04,Ynarez,0
6213,ADU,ADMU,1,56,50,2,J. Ahanmisi,3,jump shot,2018.11.04,Ynarez,3
6214,ADU,ADMU,0,44,62,1,S. Manganti,3,jump shot,2018.11.04,Ynarez,0
6215,ADU,ADMU,0,-12,25,28,M. Macion,2,jump shot,2018.11.04,Ynarez,0
6216,ADU,ADMU,0,16,18,9,W. Magbuhos,2,jump shot,2018.11.04,Ynarez,0
6217,ADU,ADMU,1,13,28,25,K. Zaldivar,2,jump shot,2018.11.04,Ynarez,2
6218,UST,ADU,1,0,16,2,I. Batalier,2,jump shot,2018.11.07,SAC,2
6219,UST,ADU,0,-9,14,27,C. Cansino,2,jump shot,2018.11.07,SAC,0
6220,UST,ADU,1,42,22,11,E. Caunan,2,jump shot,2018.11.07,SAC,2
6221,UST,ADU,1,10,12,27,C. Cansino,2,lay up,2018.11.07,SAC,2
6222,UST,ADU,0,-20,43,6,M. Lee,2,jump shot,2018.11.07,SAC,0
6223,UST,ADU,0,57,10,5,R. Subido,2,jump shot,2018.11.07,SAC,0
6224,UST,ADU,1,-1,41,5,R. Subido,2,jump shot,2018.11.07,SAC,2
6225,UST,ADU,1,-40,17,26,G. Mahinay,2,jump shot,2018.11.07,SAC,2
6226,UST,ADU,0,16,3,27,C. Cansino,2,jump shot,2018.11.07,SAC,0
6227,UST,ADU,0,-16,72,5,R. Subido,3,jump shot,2018.11.07,SAC,0
6228,UST,ADU,0,-11,16,6,M. Lee,2,jump shot,2018.11.07,SAC,0
6229,UST,ADU,0,9,8,6,M. Lee,2,jump shot,2018.11.07,SAC,0
6230,UST,ADU,0,32,31,7,J. Marcos,2,jump shot,2018.11.07,SAC,0
6231,UST,ADU,1,-17,30,27,C. Cansino,2,jump shot,2018.11.07,SAC,2
6232,UST,ADU,0,42,59,5,R. Subido,3,jump shot,2018.11.07,SAC,0
6233,UST,ADU,0,-3,29,13,Z. Huang,2,jump shot,2018.11.07,SAC,0
6234,UST,ADU,0,59,60,8,K. Zamora,3,jump shot,2018.11.07,SAC,0
6235,UST,ADU,0,70,10,5,R. Subido,3,jump shot,2018.11.07,SAC,0
6236,UST,ADU,0,-8,16,5,R. Subido,2,jump shot,2018.11.07,SAC,0
6237,UST,ADU,0,59,43,6,M. Lee,3,jump shot,2018.11.07,SAC,0
6238,UST,ADU,0,-20,44,13,Z. Huang,2,jump shot,2018.11.07,SAC,0
6239,UST,ADU,1,-65,25,6,M. Lee,3,jump shot,2018.11.07,SAC,3
6240,UST,ADU,0,28,36,13,Z. Huang,2,jump shot,2018.11.07,SAC,0
6241,UST,ADU,0,68,42,6,M. Lee,3,jump shot,2018.11.07,SAC,0
6242,UST,ADU,0,20,73,6,M. Lee,3,jump shot,2018.11.07,SAC,0
6243,UST,ADU,0,-69,14,27,C. Cansino,3,jump shot,2018.11.07,SAC,0
6244,UST,ADU,0,-19,6,27,C. Cansino,2,jump shot,2018.11.07,SAC,0
6245,UST,ADU,0,12,19,26,G. Mahinay,2,jump shot,2018.11.07,SAC,0
6246,UST,ADU,1,13,13,6,M. Lee,2,lay up,2018.11.07,SAC,2
6247,UST,ADU,1,40,65,5,R. Subido,3,jump shot,2018.11.07,SAC,3
6248,UST,ADU,1,58,50,5,R. Subido,3,jump shot,2018.11.07,SAC,3
6249,UST,ADU,0,51,122,6,M. Lee,3,jump shot,2018.11.07,SAC,0
6250,UST,ADU,0,-40,7,2,I. Batalier,2,jump shot,2018.11.07,SAC,0
6251,UST,ADU,0,18,9,6,M. Lee,2,jump shot,2018.11.07,SAC,0
6252,UST,ADU,0,-61,58,6,M. Lee,3,jump shot,2018.11.07,SAC,0
6253,UST,ADU,0,-57,48,6,M. Lee,3,jump shot,2018.11.07,SAC,0
6254,UST,ADU,0,-17,9,26,G. Mahinay,2,jump shot,2018.11.07,SAC,0
6255,UST,ADU,0,17,33,5,R. Subido,2,jump shot,2018.11.07,SAC,0
6256,UST,ADU,1,-68,18,5,R. Subido,3,jump shot,2018.11.07,SAC,3
6257,UST,ADU,1,13,16,13,Z. Huang,2,jump shot,2018.11.07,SAC,2
6258,UST,ADU,0,15,15,13,Z. Huang,2,jump shot,2018.11.07,SAC,0
6259,UST,ADU,1,7,26,26,G. Mahinay,2,jump shot,2018.11.07,SAC,2
6260,UST,ADU,0,55,46,6,M. Lee,3,jump shot,2018.11.07,SAC,0
6261,UST,ADU,1,-35,25,26,G. Mahinay,2,jump shot,2018.11.07,SAC,2
6262,UST,ADU,0,21,5,13,Z. Huang,2,jump shot,2018.11.07,SAC,0
6263,UST,ADU,0,25,25,6,M. Lee,2,jump shot,2018.11.07,SAC,0
6264,UST,ADU,1,68,19,6,M. Lee,3,jump shot,2018.11.07,SAC,3
6265,UST,ADU,1,-23,67,5,R. Subido,3,jump shot,2018.11.07,SAC,3
6266,UST,ADU,0,-50,79,6,M. Lee,3,jump shot,2018.11.07,SAC,0
6267,UST,ADU,1,-54,51,6,M. Lee,3,jump shot,2018.11.07,SAC,3
6268,UST,ADU,0,0,49,5,R. Subido,2,jump shot,2018.11.07,SAC,0
6269,UST,ADU,1,53,47,27,C. Cansino,3,jump shot,2018.11.07,SAC,3
6270,UST,ADU,1,26,12,8,K. Zamora,2,jump shot,2018.11.07,SAC,2
6271,UST,ADU,1,-43,71,5,R. Subido,3,jump shot,2018.11.07,SAC,3
6272,UST,ADU,0,20,70,2,I. Batalier,3,jump shot,2018.11.07,SAC,0
6273,UST,ADU,0,14,12,2,I. Batalier,2,jump shot,2018.11.07,SAC,0
6274,UST,ADU,0,17,17,27,C. Cansino,2,jump shot,2018.11.07,SAC,0
6275,UST,ADU,0,30,72,5,R. Subido,3,jump shot,2018.11.07,SAC,0
6276,UST,ADU,0,-51,69,6,M. Lee,3,jump shot,2018.11.07,SAC,0
6277,UST,ADU,0,45,56,6,M. Lee,3,jump shot,2018.11.07,SAC,0
6278,UST,ADU,0,-36,66,8,K. Zamora,3,jump shot,2018.11.07,SAC,0
6279,UST,ADU,1,-51,60,8,K. Zamora,3,jump shot,2018.11.07,SAC,3
6280,ADU,UST,0,-19,5,29,V. Magbuhos,2,jump shot,2018.11.07,SAC,0
6281,ADU,UST,0,48,58,14,J. Pingoy,3,jump shot,2018.11.07,SAC,0
6282,ADU,UST,0,5,16,2,J. Ahanmisi,2,jump shot,2018.11.07,SAC,0
6283,ADU,UST,1,-5,11,1,S. Manganti,2,jump shot,2018.11.07,SAC,2
6284,ADU,UST,1,-21,32,2,J. Ahanmisi,2,jump shot,2018.11.07,SAC,2
6285,ADU,UST,1,6,13,1,S. Manganti,2,lay up,2018.11.07,SAC,2
6286,ADU,UST,0,-8,15,1,S. Manganti,2,jump shot,2018.11.07,SAC,0
6287,ADU,UST,1,28,66,14,J. Pingoy,3,jump shot,2018.11.07,SAC,3
6288,ADU,UST,0,19,72,2,J. Ahanmisi,3,jump shot,2018.11.07,SAC,0
6289,ADU,UST,1,31,20,1,S. Manganti,2,jump shot,2018.11.07,SAC,2
6290,ADU,UST,0,13,3,1,S. Manganti,2,jump shot,2018.11.07,SAC,0
6291,ADU,UST,0,14,-1,21,P. Sarr,2,jump shot,2018.11.07,SAC,0
6292,ADU,UST,0,69,4,1,S. Manganti,3,jump shot,2018.11.07,SAC,0
6293,ADU,UST,1,-35,11,1,S. Manganti,2,jump shot,2018.11.07,SAC,2
6294,ADU,UST,0,55,44,1,S. Manganti,3,jump shot,2018.11.07,SAC,0
6295,ADU,UST,0,-27,9,20,K. Bernardo,2,jump shot,2018.11.07,SAC,0
6296,ADU,UST,0,12,19,20,K. Bernardo,2,jump shot,2018.11.07,SAC,0
6297,ADU,UST,0,-55,67,2,J. Ahanmisi,3,jump shot,2018.11.07,SAC,0
6298,ADU,UST,0,-2,32,2,J. Ahanmisi,2,jump shot,2018.11.07,SAC,0
6299,ADU,UST,0,51,51,7,J. Lastimosa,3,jump shot,2018.11.07,SAC,0
6300,ADU,UST,0,-48,55,19,E. Mojica,3,jump shot,2018.11.07,SAC,0
6301,ADU,UST,0,41,10,10,S. Camacho,2,jump shot,2018.11.07,SAC,0
6302,ADU,UST,0,-63,32,1,S. Manganti,3,jump shot,2018.11.07,SAC,0
6303,ADU,UST,1,18,18,10,S. Camacho,2,lay up,2018.11.07,SAC,2
6304,ADU,UST,0,-45,60,19,E. Mojica,3,jump shot,2018.11.07,SAC,0
6305,ADU,UST,1,-11,12,7,J. Lastimosa,2,lay up,2018.11.07,SAC,2
6306,ADU,UST,0,-55,45,1,S. Manganti,3,jump shot,2018.11.07,SAC,0
6307,ADU,UST,0,15,14,1,S. Manganti,2,jump shot,2018.11.07,SAC,0
6308,ADU,UST,1,14,29,1,S. Manganti,2,jump shot,2018.11.07,SAC,2
6309,ADU,UST,0,-14,74,2,J. Ahanmisi,3,jump shot,2018.11.07,SAC,0
6310,ADU,UST,0,19,73,2,J. Ahanmisi,3,jump shot,2018.11.07,SAC,0
6311,ADU,UST,0,3,18,10,S. Camacho,2,jump shot,2018.11.07,SAC,0
6312,ADU,UST,0,11,46,1,S. Manganti,2,jump shot,2018.11.07,SAC,0
6313,ADU,UST,1,-6,29,10,S. Camacho,2,lay up,2018.11.07,SAC,2
6314,ADU,UST,0,-34,67,1,S. Manganti,3,jump shot,2018.11.07,SAC,0
6315,ADU,UST,0,46,57,14,J. Pingoy,3,jump shot,2018.11.07,SAC,0
6316,ADU,UST,0,5,11,21,P. Sarr,2,jump shot,2018.11.07,SAC,0
6317,ADU,UST,1,-5,12,19,E. Mojica,2,lay up,2018.11.07,SAC,2
6318,ADU,UST,1,-55,54,14,J. Pingoy,3,jump shot,2018.11.07,SAC,3
6319,ADU,UST,0,-20,7,10,S. Camacho,2,jump shot,2018.11.07,SAC,0
6320,ADU,UST,0,1,33,21,P. Sarr,2,jump shot,2018.11.07,SAC,0
6321,ADU,UST,0,6,34,21,P. Sarr,2,jump shot,2018.11.07,SAC,0
6322,ADU,UST,1,25,7,1,S. Manganti,2,jump shot,2018.11.07,SAC,2
6323,ADU,UST,1,13,23,19,E. Mojica,2,jump shot,2018.11.07,SAC,2
6324,ADU,UST,0,10,14,1,S. Manganti,2,jump shot,2018.11.07,SAC,0
6325,ADU,UST,0,21,26,19,E. Mojica,2,jump shot,2018.11.07,SAC,0
6326,ADU,UST,1,29,69,14,J. Pingoy,3,jump shot,2018.11.07,SAC,3
6327,ADU,UST,0,30,13,10,S. Camacho,2,jump shot,2018.11.07,SAC,0
6328,ADU,UST,1,-10,27,10,S. Camacho,2,jump shot,2018.11.07,SAC,2
6329,ADU,UST,1,-8,46,2,J. Ahanmisi,2,jump shot,2018.11.07,SAC,2
6330,ADU,UST,0,48,57,2,J. Ahanmisi,3,jump shot,2018.11.07,SAC,0
6331,ADU,UST,1,-17,8,10,S. Camacho,2,jump shot,2018.11.07,SAC,2
6332,ADU,UST,1,10,28,21,P. Sarr,2,jump shot,2018.11.07,SAC,2
6333,ADU,UST,0,18,34,2,J. Ahanmisi,2,jump shot,2018.11.07,SAC,0
6334,ADU,UST,1,2,26,7,J. Lastimosa,2,lay up,2018.11.07,SAC,2
6335,ADU,UST,0,15,19,10,S. Camacho,2,jump shot,2018.11.07,SAC,0
6336,ADU,UST,0,-22,40,20,K. Bernardo,2,jump shot,2018.11.07,SAC,0
6337,ADU,UST,1,-1,15,7,J. Lastimosa,2,lay up,2018.11.07,SAC,2
6338,ADU,UST,1,-61,43,2,J. Ahanmisi,3,jump shot,2018.11.07,SAC,3
6339,ADU,UST,1,44,62,2,J. Ahanmisi,3,jump shot,2018.11.07,SAC,3
6340,ADU,UST,0,6,15,4,C. Catapusan,2,jump shot,2018.11.07,SAC,0
6341,ADU,UST,0,-68,3,19,E. Mojica,3,jump shot,2018.11.07,SAC,0
6342,ADU,UST,1,14,6,7,J. Lastimosa,2,jump shot,2018.11.07,SAC,2
6343,ADU,UST,1,8,61,4,C. Catapusan,2,jump shot,2018.11.07,SAC,2
6344,ADU,UST,1,-36,77,2,J. Ahanmisi,3,jump shot,2018.11.07,SAC,3
6345,ADU,UST,0,61,47,7,J. Lastimosa,3,jump shot,2018.11.07,SAC,0
6346,ADU,UST,0,-12,40,2,J. Ahanmisi,2,jump shot,2018.11.07,SAC,0
6347,ADU,UST,1,-9,14,10,S. Camacho,2,jump shot,2018.11.07,SAC,2
6348,ADU,UST,1,-10,16,10,S. Camacho,2,jump shot,2018.11.07,SAC,2
6349,ADU,UST,1,9,14,1,S. Manganti,2,jump shot,2018.11.07,SAC,2
6350,ADU,UST,1,2,20,1,S. Manganti,2,jump shot,2018.11.07,SAC,2
6351,ADU,UST,0,46,63,2,J. Ahanmisi,3,jump shot,2018.11.07,SAC,0
6352,ADU,UST,1,0,2,21,P. Sarr,2,tip in,2018.11.07,SAC,2
6353,ADU,UST,1,-10,12,10,S. Camacho,2,jump shot,2018.11.07,SAC,2
6354,ADU,UST,1,3,28,1,S. Manganti,2,jump shot,2018.11.07,SAC,2
6355,ADU,UST,1,41,11,1,S. Manganti,2,jump shot,2018.11.07,SAC,2
6356,ADU,UST,1,0,19,21,P. Sarr,2,lay up,2018.11.07,SAC,2
6357,ADU,UST,1,23,11,21,P. Sarr,2,jump shot,2018.11.07,SAC,2
6358,NU,DLSU,0,52,66,13,M. Aquino,3,jump shot,2018.11.07,SAC,0
6359,NU,DLSU,0,-46,63,1,D. Ildefonso,3,jump shot,2018.11.07,SAC,0
6360,NU,DLSU,0,-9,10,6,J. Sinclair,2,jump shot,2018.11.07,SAC,0
6361,NU,DLSU,0,48,62,13,M. Aquino,3,jump shot,2018.11.07,SAC,0
6362,NU,DLSU,1,-9,14,5,A. Diputado,2,jump shot,2018.11.07,SAC,2
6363,NU,DLSU,0,12,59,0,S. Ildefonso,2,jump shot,2018.11.07,SAC,0
6364,NU,DLSU,0,13,28,13,M. Aquino,2,jump shot,2018.11.07,SAC,0
6365,NU,DLSU,0,-61,38,0,S. Ildefonso,3,jump shot,2018.11.07,SAC,0
6366,NU,DLSU,0,0,50,5,A. Diputado,2,jump shot,2018.11.07,SAC,0
6367,NU,DLSU,0,1,16,1,D. Ildefonso,2,jump shot,2018.11.07,SAC,0
6368,NU,DLSU,0,-63,36,6,J. Sinclair,3,jump shot,2018.11.07,SAC,0
6369,NU,DLSU,0,37,10,6,J. Sinclair,2,jump shot,2018.11.07,SAC,0
6370,NU,DLSU,1,26,17,1,D. Ildefonso,2,jump shot,2018.11.07,SAC,2
6371,NU,DLSU,0,61,42,9,J. Clemente,3,jump shot,2018.11.07,SAC,0
6372,NU,DLSU,0,61,36,9,J. Clemente,3,jump shot,2018.11.07,SAC,0
6373,NU,DLSU,1,67,14,9,J. Clemente,3,jump shot,2018.11.07,SAC,3
6374,NU,DLSU,1,42,62,19,J. Gallego,3,jump shot,2018.11.07,SAC,3
6375,NU,DLSU,1,51,16,19,J. Gallego,2,jump shot,2018.11.07,SAC,2
6376,NU,DLSU,0,-28,71,19,J. Gallego,3,jump shot,2018.11.07,SAC,0
6377,NU,DLSU,1,26,25,29,M. Malonzo,2,jump shot,2018.11.07,SAC,2
6378,NU,DLSU,0,-42,4,19,J. Gallego,2,jump shot,2018.11.07,SAC,0
6379,NU,DLSU,0,31,6,29,M. Malonzo,2,jump shot,2018.11.07,SAC,0
6380,NU,DLSU,1,17,12,21,T. Rike,2,jump shot,2018.11.07,SAC,2
6381,NU,DLSU,1,26,15,19,J. Gallego,2,jump shot,2018.11.07,SAC,2
6382,NU,DLSU,0,-67,13,15,D. Yu,3,jump shot,2018.11.07,SAC,0
6383,NU,DLSU,0,-6,20,0,S. Ildefonso,2,jump shot,2018.11.07,SAC,0
6384,NU,DLSU,1,-52,54,9,J. Clemente,3,jump shot,2018.11.07,SAC,3
6385,NU,DLSU,1,66,34,9,J. Clemente,3,jump shot,2018.11.07,SAC,3
6386,NU,DLSU,1,53,63,9,J. Clemente,3,jump shot,2018.11.07,SAC,3
6387,NU,DLSU,1,16,5,9,J. Clemente,2,jump shot,2018.11.07,SAC,2
6388,NU,DLSU,1,58,44,9,J. Clemente,3,jump shot,2018.11.07,SAC,3
6389,NU,DLSU,1,17,25,10,I. Gaye,2,jump shot,2018.11.07,SAC,2
6390,NU,DLSU,0,0,41,10,I. Gaye,2,jump shot,2018.11.07,SAC,0
6391,NU,DLSU,1,11,14,8,A. Joson,2,jump shot,2018.11.07,SAC,2
6392,NU,DLSU,0,-43,65,8,A. Joson,3,jump shot,2018.11.07,SAC,0
6393,NU,DLSU,0,65,25,1,D. Ildefonso,3,jump shot,2018.11.07,SAC,0
6394,NU,DLSU,0,41,68,1,D. Ildefonso,3,jump shot,2018.11.07,SAC,0
6395,NU,DLSU,1,-31,44,21,T. Rike,2,jump shot,2018.11.07,SAC,2
6396,NU,DLSU,1,-1,27,9,J. Clemente,2,jump shot,2018.11.07,SAC,2
6397,NU,DLSU,0,-29,9,21,T. Rike,2,jump shot,2018.11.07,SAC,0
6398,NU,DLSU,0,-22,12,1,D. Ildefonso,2,jump shot,2018.11.07,SAC,0
6399,NU,DLSU,1,-51,49,1,D. Ildefonso,3,jump shot,2018.11.07,SAC,3
6400,NU,DLSU,0,-23,24,1,D. Ildefonso,2,jump shot,2018.11.07,SAC,0
6401,NU,DLSU,1,-11,11,0,S. Ildefonso,2,jump shot,2018.11.07,SAC,2
6402,NU,DLSU,1,36,67,1,D. Ildefonso,3,jump shot,2018.11.07,SAC,3
6403,NU,DLSU,0,50,55,1,D. Ildefonso,3,jump shot,2018.11.07,SAC,0
6404,NU,DLSU,1,-3,14,1,D. Ildefonso,2,jump shot,2018.11.07,SAC,2
6405,NU,DLSU,0,-24,52,10,I. Gaye,2,jump shot,2018.11.07,SAC,0
6406,NU,DLSU,1,-49,57,15,D. Yu,3,jump shot,2018.11.07,SAC,3
6407,NU,DLSU,0,-21,12,19,J. Gallego,2,jump shot,2018.11.07,SAC,0
6408,NU,DLSU,1,-27,13,1,D. Ildefonso,2,jump shot,2018.11.07,SAC,2
6409,NU,DLSU,0,-28,58,19,J. Gallego,2,jump shot,2018.11.07,SAC,0
6410,NU,DLSU,0,25,17,10,I. Gaye,2,jump shot,2018.11.07,SAC,0
6411,NU,DLSU,1,0,1,6,J. Sinclair,2,tip in,2018.11.07,SAC,2
6412,NU,DLSU,0,12,11,10,I. Gaye,2,jump shot,2018.11.07,SAC,0
6413,NU,DLSU,0,20,34,6,J. Sinclair,2,jump shot,2018.11.07,SAC,0
6414,NU,DLSU,1,31,24,15,D. Yu,2,jump shot,2018.11.07,SAC,2
6415,NU,DLSU,0,-21,21,21,T. Rike,2,jump shot,2018.11.07,SAC,0
6416,NU,DLSU,0,-13,20,19,J. Gallego,2,jump shot,2018.11.07,SAC,0
6417,NU,DLSU,0,-27,42,1,D. Ildefonso,2,jump shot,2018.11.07,SAC,0
6418,NU,DLSU,0,-70,10,15,D. Yu,3,jump shot,2018.11.07,SAC,0
6419,NU,DLSU,0,-32,71,1,D. Ildefonso,3,jump shot,2018.11.07,SAC,0
6420,NU,DLSU,0,-37,26,19,J. Gallego,2,jump shot,2018.11.07,SAC,0
6421,NU,DLSU,0,2,21,21,T. Rike,2,jump shot,2018.11.07,SAC,0
6422,NU,DLSU,1,-46,63,1,D. Ildefonso,3,jump shot,2018.11.07,SAC,3
6423,NU,DLSU,1,17,10,1,D. Ildefonso,2,jump shot,2018.11.07,SAC,2
6424,NU,DLSU,0,-11,10,0,S. Ildefonso,2,jump shot,2018.11.07,SAC,0
6425,NU,DLSU,0,4,27,8,A. Joson,2,jump shot,2018.11.07,SAC,0
6426,NU,DLSU,0,51,55,9,J. Clemente,3,jump shot,2018.11.07,SAC,0
6427,NU,DLSU,1,-20,7,0,S. Ildefonso,2,jump shot,2018.11.07,SAC,2
6428,DLSU,NU,1,-46,32,11,A. Melecio,2,jump shot,2018.11.07,SAC,2
6429,DLSU,NU,0,-55,47,11,A. Melecio,3,jump shot,2018.11.07,SAC,0
6430,DLSU,NU,0,54,15,6,J. Manuel,2,jump shot,2018.11.07,SAC,0
6431,DLSU,NU,0,-61,5,11,A. Melecio,2,jump shot,2018.11.07,SAC,0
6432,DLSU,NU,1,0,1,32,B. Bates,2,tip in,2018.11.07,SAC,2
6433,DLSU,NU,1,42,60,6,J. Manuel,3,jump shot,2018.11.07,SAC,3
6434,DLSU,NU,1,67,8,18,F. Serrano,3,jump shot,2018.11.07,SAC,3
6435,DLSU,NU,0,9,6,25,L. Santillian,2,jump shot,2018.11.07,SAC,0
6436,DLSU,NU,1,-7,18,11,A. Melecio,2,lay up,2018.11.07,SAC,2
6437,DLSU,NU,0,6,32,11,A. Melecio,2,jump shot,2018.11.07,SAC,0
6438,DLSU,NU,0,-29,52,19,J. Baltazar,2,jump shot,2018.11.07,SAC,0
6439,DLSU,NU,0,55,44,6,J. Manuel,3,jump shot,2018.11.07,SAC,0
6440,DLSU,NU,0,48,20,6,J. Manuel,2,jump shot,2018.11.07,SAC,0
6441,DLSU,NU,1,38,32,19,J. Baltazar,2,jump shot,2018.11.07,SAC,2
6442,DLSU,NU,0,-62,41,18,F. Serrano,3,jump shot,2018.11.07,SAC,0
6443,DLSU,NU,0,-29,11,30,A. Caracut,2,jump shot,2018.11.07,SAC,0
6444,DLSU,NU,1,23,9,7,M. Dyke,2,jump shot,2018.11.07,SAC,2
6445,DLSU,NU,0,-39,63,16,J. Go,3,jump shot,2018.11.07,SAC,0
6446,DLSU,NU,1,6,11,7,M. Dyke,2,jump shot,2018.11.07,SAC,2
6447,DLSU,NU,0,4,22,30,A. Caracut,2,jump shot,2018.11.07,SAC,0
6448,DLSU,NU,0,0,1,7,M. Dyke,2,tip in,2018.11.07,SAC,0
6449,DLSU,NU,1,-15,7,7,M. Dyke,2,jump shot,2018.11.07,SAC,2
6450,DLSU,NU,0,-42,35,7,M. Dyke,2,jump shot,2018.11.07,SAC,0
6451,DLSU,NU,0,-19,20,3,M. Corteza,2,jump shot,2018.11.07,SAC,0
6452,DLSU,NU,0,3,12,16,J. Go,2,jump shot,2018.11.07,SAC,0
6453,DLSU,NU,1,-55,55,30,A. Caracut,3,jump shot,2018.11.07,SAC,3
6454,DLSU,NU,1,-20,10,32,B. Bates,2,jump shot,2018.11.07,SAC,2
6455,DLSU,NU,0,17,24,25,L. Santillian,2,jump shot,2018.11.07,SAC,0
6456,DLSU,NU,1,-10,74,16,J. Go,3,jump shot,2018.11.07,SAC,3
6457,DLSU,NU,0,55,46,16,J. Go,3,jump shot,2018.11.07,SAC,0
6458,DLSU,NU,0,-61,37,18,F. Serrano,3,jump shot,2018.11.07,SAC,0
6459,DLSU,NU,0,19,8,19,J. Baltazar,2,jump shot,2018.11.07,SAC,0
6460,DLSU,NU,0,53,8,19,J. Baltazar,2,jump shot,2018.11.07,SAC,0
6461,DLSU,NU,1,65,38,16,J. Go,3,jump shot,2018.11.07,SAC,3
6462,DLSU,NU,1,-41,3,25,L. Santillian,2,jump shot,2018.11.07,SAC,2
6463,DLSU,NU,0,16,9,11,A. Melecio,2,jump shot,2018.11.07,SAC,0
6464,DLSU,NU,0,69,16,6,J. Manuel,3,jump shot,2018.11.07,SAC,0
6465,DLSU,NU,1,1,21,25,L. Santillian,2,jump shot,2018.11.07,SAC,2
6466,DLSU,NU,0,-7,50,25,L. Santillian,2,jump shot,2018.11.07,SAC,0
6467,DLSU,NU,1,20,15,6,J. Manuel,2,lay up,2018.11.07,SAC,2
6468,DLSU,NU,1,-9,12,30,A. Caracut,2,lay up,2018.11.07,SAC,2
6469,DLSU,NU,0,-31,13,30,A. Caracut,2,jump shot,2018.11.07,SAC,0
6470,DLSU,NU,1,0,2,25,L. Santillian,2,tip in,2018.11.07,SAC,2
6471,DLSU,NU,1,-55,46,11,A. Melecio,3,jump shot,2018.11.07,SAC,3
6472,DLSU,NU,1,-47,64,30,A. Caracut,3,jump shot,2018.11.07,SAC,3
6473,DLSU,NU,1,1,14,6,J. Manuel,2,jump shot,2018.11.07,SAC,2
6474,DLSU,NU,0,-14,29,11,A. Melecio,2,jump shot,2018.11.07,SAC,0
6475,DLSU,NU,1,11,20,19,J. Baltazar,2,jump shot,2018.11.07,SAC,2
6476,DLSU,NU,0,-30,6,11,A. Melecio,2,jump shot,2018.11.07,SAC,0
6477,DLSU,NU,0,-51,57,11,A. Melecio,3,jump shot,2018.11.07,SAC,0
6478,DLSU,NU,0,-23,3,19,J. Baltazar,2,jump shot,2018.11.07,SAC,0
6479,DLSU,NU,0,5,6,25,L. Santillian,2,jump shot,2018.11.07,SAC,0
6480,DLSU,NU,1,9,11,25,L. Santillian,2,jump shot,2018.11.07,SAC,2
6481,DLSU,NU,1,-13,7,25,L. Santillian,2,jump shot,2018.11.07,SAC,2
6482,DLSU,NU,1,-21,24,25,L. Santillian,2,jump shot,2018.11.07,SAC,2
6483,DLSU,NU,0,17,86,30,A. Caracut,3,jump shot,2018.11.07,SAC,0
6484,DLSU,NU,1,2,21,11,A. Melecio,2,jump shot,2018.11.07,SAC,2
6485,DLSU,NU,1,-12,25,30,A. Caracut,2,jump shot,2018.11.07,SAC,2
6486,DLSU,NU,0,-16,66,16,J. Go,3,jump shot,2018.11.07,SAC,0
6487,DLSU,NU,1,-5,15,11,A. Melecio,2,lay up,2018.11.07,SAC,2
6488,DLSU,NU,0,23,28,19,J. Baltazar,2,jump shot,2018.11.07,SAC,0
6489,DLSU,NU,1,-15,11,11,A. Melecio,2,lay up,2018.11.07,SAC,2
6490,DLSU,NU,0,-5,33,25,L. Santillian,2,jump shot,2018.11.07,SAC,0
6491,DLSU,NU,0,-66,34,30,A. Caracut,3,jump shot,2018.11.07,SAC,0
6492,DLSU,NU,1,0,2,25,L. Santillian,2,tip in,2018.11.07,SAC,2
6493,DLSU,NU,0,47,59,19,J. Baltazar,3,jump shot,2018.11.07,SAC,0
6494,DLSU,NU,1,-13,10,25,L. Santillian,2,jump shot,2018.11.07,SAC,2
6495,DLSU,NU,1,-42,59,6,J. Manuel,3,jump shot,2018.11.07,SAC,3
6496,DLSU,NU,1,-10,5,19,J. Baltazar,2,jump shot,2018.11.07,SAC,2
6497,DLSU,NU,0,-4,26,11,A. Melecio,2,jump shot,2018.11.07,SAC,0
6498,ADU,UE,1,-70,39,14,J. Pingoy,3,jump shot,2018.11.10,SAC,3
6499,ADU,UE,0,-6,3,29,V. Magbuhos,2,jump shot,2018.11.10,SAC,0
6500,ADU,UE,0,-41,30,21,P. Sarr,2,jump shot,2018.11.10,SAC,0
6501,ADU,UE,0,37,22,14,J. Pingoy,2,jump shot,2018.11.10,SAC,0
6502,ADU,UE,0,45,8,19,E. Mojica,2,jump shot,2018.11.10,SAC,0
6503,ADU,UE,0,-8,79,7,J. Lastimosa,3,jump shot,2018.11.10,SAC,0
6504,ADU,UE,0,-7,5,1,S. Manganti,2,jump shot,2018.11.10,SAC,0
6505,ADU,UE,0,-7,0,10,S. Camacho,2,jump shot,2018.11.10,SAC,0
6506,ADU,UE,1,-54,59,7,J. Lastimosa,3,jump shot,2018.11.10,SAC,3
6507,ADU,UE,1,-58,24,11,J. Espeleta,2,jump shot,2018.11.10,SAC,2
6508,ADU,UE,1,-11,0,10,S. Camacho,2,lay up,2018.11.10,SAC,2
6509,ADU,UE,0,7,-2,10,S. Camacho,2,jump shot,2018.11.10,SAC,0
6510,ADU,UE,1,63,47,7,J. Lastimosa,3,jump shot,2018.11.10,SAC,3
6511,ADU,UE,1,-68,45,1,S. Manganti,3,jump shot,2018.11.10,SAC,3
6512,ADU,UE,1,-13,12,1,S. Manganti,2,jump shot,2018.11.10,SAC,2
6513,ADU,UE,0,71,-8,25,K. Zaldivar,3,jump shot,2018.11.10,SAC,0
6514,ADU,UE,0,-50,55,7,J. Lastimosa,3,jump shot,2018.11.10,SAC,0
6515,ADU,UE,1,-69,35,2,J. Ahanmisi,3,jump shot,2018.11.10,SAC,3
6516,ADU,UE,0,12,11,2,J. Ahanmisi,2,jump shot,2018.11.10,SAC,0
6517,ADU,UE,0,72,81,2,J. Ahanmisi,3,jump shot,2018.11.10,SAC,0
6518,ADU,UE,0,-19,10,21,P. Sarr,2,jump shot,2018.11.10,SAC,0
6519,ADU,UE,0,38,33,14,J. Pingoy,2,jump shot,2018.11.10,SAC,0
6520,ADU,UE,1,-60,52,2,J. Ahanmisi,3,jump shot,2018.11.10,SAC,3
6521,ADU,UE,0,-68,2,14,J. Pingoy,3,jump shot,2018.11.10,SAC,0
6522,ADU,UE,0,3,-1,21,P. Sarr,2,jump shot,2018.11.10,SAC,0
6523,ADU,UE,0,62,52,14,J. Pingoy,3,jump shot,2018.11.10,SAC,0
6524,ADU,UE,0,-8,3,2,J. Ahanmisi,2,jump shot,2018.11.10,SAC,0
6525,ADU,UE,1,0,0,4,C. Catapusan,2,jump shot,2018.11.10,SAC,2
6526,ADU,UE,0,-16,8,19,E. Mojica,2,jump shot,2018.11.10,SAC,0
6527,ADU,UE,0,-30,60,14,J. Pingoy,2,jump shot,2018.11.10,SAC,0
6528,ADU,UE,0,-6,0,21,P. Sarr,2,jump shot,2018.11.10,SAC,0
6529,ADU,UE,1,-9,-2,4,C. Catapusan,2,lay up,2018.11.10,SAC,2
6530,ADU,UE,0,-4,0,4,C. Catapusan,2,jump shot,2018.11.10,SAC,0
6531,ADU,UE,0,-70,-3,11,J. Espeleta,3,jump shot,2018.11.10,SAC,0
6532,ADU,UE,1,4,35,7,J. Lastimosa,2,jump shot,2018.11.10,SAC,2
6533,ADU,UE,1,58,67,2,J. Ahanmisi,3,jump shot,2018.11.10,SAC,3
6534,ADU,UE,1,-18,20,14,J. Pingoy,2,jump shot,2018.11.10,SAC,2
6535,ADU,UE,1,-7,0,10,S. Camacho,2,jump shot,2018.11.10,SAC,2
6536,ADU,UE,1,-12,41,10,S. Camacho,2,jump shot,2018.11.10,SAC,2
6537,ADU,UE,1,-47,35,2,J. Ahanmisi,2,jump shot,2018.11.10,SAC,2
6538,ADU,UE,0,-61,54,7,J. Lastimosa,3,jump shot,2018.11.10,SAC,0
6539,ADU,UE,1,7,-1,21,P. Sarr,2,jump shot,2018.11.10,SAC,2
6540,ADU,UE,0,33,37,2,J. Ahanmisi,2,jump shot,2018.11.10,SAC,0
6541,ADU,UE,0,4,3,1,S. Manganti,2,jump shot,2018.11.10,SAC,0
6542,ADU,UE,1,-3,6,21,P. Sarr,2,jump shot,2018.11.10,SAC,2
6543,ADU,UE,0,3,6,7,J. Lastimosa,2,jump shot,2018.11.10,SAC,0
6544,ADU,UE,0,-31,5,2,J. Ahanmisi,2,jump shot,2018.11.10,SAC,0
6545,ADU,UE,0,56,51,2,J. Ahanmisi,3,jump shot,2018.11.10,SAC,0
6546,ADU,UE,0,6,10,20,K. Bernardo,2,jump shot,2018.11.10,SAC,0
6547,ADU,UE,1,22,11,2,J. Ahanmisi,2,jump shot,2018.11.10,SAC,2
6548,ADU,UE,1,15,5,2,J. Ahanmisi,2,jump shot,2018.11.10,SAC,2
6549,ADU,UE,1,9,5,7,J. Lastimosa,2,lay up,2018.11.10,SAC,2
6550,ADU,UE,0,47,63,11,J. Espeleta,3,jump shot,2018.11.10,SAC,0
6551,ADU,UE,1,-2,0,1,S. Manganti,2,jump shot,2018.11.10,SAC,2
6552,ADU,UE,0,0,0,17,J. Colonia,2,jump shot,2018.11.10,SAC,0
6553,ADU,UE,0,-7,7,25,K. Zaldivar,2,jump shot,2018.11.10,SAC,0
6554,ADU,UE,0,-59,49,1,S. Manganti,3,jump shot,2018.11.10,SAC,0
6555,ADU,UE,0,-22,0,25,K. Zaldivar,2,jump shot,2018.11.10,SAC,0
6556,ADU,UE,1,-7,6,1,S. Manganti,2,jump shot,2018.11.10,SAC,2
6557,ADU,UE,0,2,-1,1,S. Manganti,2,jump shot,2018.11.10,SAC,0
6558,ADU,UE,0,-30,-9,11,J. Espeleta,2,jump shot,2018.11.10,SAC,0
6559,ADU,UE,1,0,-4,1,S. Manganti,2,lay up,2018.11.10,SAC,2
6560,ADU,UE,0,14,2,7,J. Lastimosa,2,jump shot,2018.11.10,SAC,0
6561,ADU,UE,0,-8,7,21,P. Sarr,2,jump shot,2018.11.10,SAC,0
6562,ADU,UE,1,-3,6,21,P. Sarr,2,jump shot,2018.11.10,SAC,2
6563,ADU,UE,0,51,62,1,S. Manganti,3,jump shot,2018.11.10,SAC,0
6564,ADU,UE,0,46,-2,10,S. Camacho,2,jump shot,2018.11.10,SAC,0
6565,ADU,UE,0,-3,59,1,S. Manganti,2,jump shot,2018.11.10,SAC,0
6566,ADU,UE,1,30,35,2,J. Ahanmisi,2,jump shot,2018.11.10,SAC,2
6567,ADU,UE,1,14,46,1,S. Manganti,2,jump shot,2018.11.10,SAC,2
6568,ADU,UE,0,39,7,21,P. Sarr,2,jump shot,2018.11.10,SAC,0
6569,ADU,UE,1,-9,29,2,J. Ahanmisi,2,jump shot,2018.11.10,SAC,2
6570,ADU,UE,0,7,0,10,S. Camacho,2,jump shot,2018.11.10,SAC,0
6571,ADU,UE,1,29,75,2,J. Ahanmisi,3,jump shot,2018.11.10,SAC,3
6572,UE,ADU,1,-17,35,26,J. Cullar,2,jump shot,2018.11.10,SAC,2
6573,UE,ADU,1,2,0,18,P. Manalang,2,lay up,2018.11.10,SAC,2
6574,UE,ADU,0,-39,41,21,W. Bartolome,2,jump shot,2018.11.10,SAC,0
6575,UE,ADU,1,7,2,26,J. Cullar,2,lay up,2018.11.10,SAC,2
6576,UE,ADU,1,8,16,21,W. Bartolome,2,jump shot,2018.11.10,SAC,2
6577,UE,ADU,1,-3,-2,26,J. Cullar,2,lay up,2018.11.10,SAC,2
6578,UE,ADU,1,-21,73,23,A. Pasaol,3,jump shot,2018.11.10,SAC,3
6579,UE,ADU,1,-7,2,18,P. Manalang,2,lay up,2018.11.10,SAC,2
6580,UE,ADU,1,-54,55,23,A. Pasaol,3,jump shot,2018.11.10,SAC,3
6581,UE,ADU,0,60,47,23,A. Pasaol,3,jump shot,2018.11.10,SAC,0
6582,UE,ADU,1,10,4,18,P. Manalang,2,jump shot,2018.11.10,SAC,2
6583,UE,ADU,0,-23,84,18,P. Manalang,3,jump shot,2018.11.10,SAC,0
6584,UE,ADU,0,-18,8,9,J. Varilla,2,jump shot,2018.11.10,SAC,0
6585,UE,ADU,0,-8,2,1,C. Conner,2,jump shot,2018.11.10,SAC,0
6586,UE,ADU,0,-66,79,23,A. Pasaol,3,jump shot,2018.11.10,SAC,0
6587,UE,ADU,0,-64,44,1,C. Conner,3,jump shot,2018.11.10,SAC,0
6588,UE,ADU,1,-53,20,9,J. Varilla,2,jump shot,2018.11.10,SAC,2
6589,UE,ADU,1,-4,-2,9,J. Varilla,2,lay up,2018.11.10,SAC,2
6590,UE,ADU,0,-10,8,12,S. Gagate,2,jump shot,2018.11.10,SAC,0
6591,UE,ADU,0,23,4,12,S. Gagate,2,jump shot,2018.11.10,SAC,0
6592,UE,ADU,1,-52,52,23,A. Pasaol,3,jump shot,2018.11.10,SAC,3
6593,UE,ADU,0,68,20,18,P. Manalang,3,jump shot,2018.11.10,SAC,0
6594,UE,ADU,0,-55,63,84,R. Gallardo,3,jump shot,2018.11.10,SAC,0
6595,UE,ADU,1,35,34,21,W. Bartolome,2,jump shot,2018.11.10,SAC,2
6596,UE,ADU,0,3,-1,18,P. Manalang,2,jump shot,2018.11.10,SAC,0
6597,UE,ADU,0,-2,2,21,W. Bartolome,2,jump shot,2018.11.10,SAC,0
6598,UE,ADU,1,20,32,21,W. Bartolome,2,jump shot,2018.11.10,SAC,2
6599,UE,ADU,0,32,-7,21,W. Bartolome,2,jump shot,2018.11.10,SAC,0
6600,UE,ADU,0,-70,2,23,A. Pasaol,3,jump shot,2018.11.10,SAC,0
6601,UE,ADU,0,-6,80,23,A. Pasaol,3,jump shot,2018.11.10,SAC,0
6602,UE,ADU,0,-15,1,23,A. Pasaol,2,jump shot,2018.11.10,SAC,0
6603,UE,ADU,0,4,-6,23,A. Pasaol,2,jump shot,2018.11.10,SAC,0
6604,UE,ADU,0,20,28,23,A. Pasaol,2,jump shot,2018.11.10,SAC,0
6605,UE,ADU,1,-22,11,18,P. Manalang,2,jump shot,2018.11.10,SAC,2
6606,UE,ADU,1,9,28,84,R. Gallardo,2,jump shot,2018.11.10,SAC,2
6607,UE,ADU,0,46,65,23,A. Pasaol,3,jump shot,2018.11.10,SAC,0
6608,UE,ADU,0,12,3,26,J. Cullar,2,jump shot,2018.11.10,SAC,0
6609,UE,ADU,1,-3,3,18,P. Manalang,2,lay up,2018.11.10,SAC,2
6610,UE,ADU,1,72,-3,23,A. Pasaol,3,jump shot,2018.11.10,SAC,3
6611,UE,ADU,1,56,62,23,A. Pasaol,3,jump shot,2018.11.10,SAC,3
6612,UE,ADU,1,-5,7,23,A. Pasaol,2,jump shot,2018.11.10,SAC,2
6613,UE,ADU,0,70,-2,23,A. Pasaol,3,jump shot,2018.11.10,SAC,0
6614,UE,ADU,1,0,2,23,A. Pasaol,2,lay up,2018.11.10,SAC,2
6615,UE,ADU,0,1,9,18,P. Manalang,2,jump shot,2018.11.10,SAC,0
6616,UE,ADU,1,0,10,84,R. Gallardo,2,jump shot,2018.11.10,SAC,2
6617,UE,ADU,0,-15,16,18,P. Manalang,2,jump shot,2018.11.10,SAC,0
6618,UE,ADU,0,-2,2,23,A. Pasaol,2,jump shot,2018.11.10,SAC,0
6619,UE,ADU,0,-8,2,18,P. Manalang,2,jump shot,2018.11.10,SAC,0
6620,UE,ADU,0,2,14,21,W. Bartolome,2,jump shot,2018.11.10,SAC,0
6621,UE,ADU,0,-58,59,26,J. Cullar,3,jump shot,2018.11.10,SAC,0
6622,UE,ADU,0,72,2,9,J. Varilla,3,jump shot,2018.11.10,SAC,0
6623,UE,ADU,0,-56,53,81,J. Antiporda,3,jump shot,2018.11.10,SAC,0
6624,UE,ADU,0,-67,40,81,J. Antiporda,3,jump shot,2018.11.10,SAC,0
6625,UE,ADU,0,31,3,9,J. Varilla,2,jump shot,2018.11.10,SAC,0
6626,UE,ADU,1,-24,14,21,W. Bartolome,2,jump shot,2018.11.10,SAC,2
6627,UE,ADU,0,-4,3,18,P. Manalang,2,jump shot,2018.11.10,SAC,0
6628,UE,ADU,0,34,30,12,S. Gagate,2,jump shot,2018.11.10,SAC,0
6629,UE,ADU,0,71,23,23,A. Pasaol,3,jump shot,2018.11.10,SAC,0
6630,UE,ADU,1,-41,69,18,P. Manalang,3,jump shot,2018.11.10,SAC,3
6631,UE,ADU,0,43,67,18,P. Manalang,3,jump shot,2018.11.10,SAC,0
6632,UE,ADU,1,-3,3,23,A. Pasaol,2,lay up,2018.11.10,SAC,2
6633,UE,ADU,1,-3,-3,26,J. Cullar,2,lay up,2018.11.10,SAC,2
6634,UE,ADU,0,-61,48,18,P. Manalang,3,jump shot,2018.11.10,SAC,0
6635,UE,ADU,1,-20,17,26,J. Cullar,2,jump shot,2018.11.10,SAC,2
6636,UE,ADU,0,-2,3,23,A. Pasaol,2,jump shot,2018.11.10,SAC,0
6637,UE,ADU,0,63,70,23,A. Pasaol,3,jump shot,2018.11.10,SAC,0
6638,UE,ADU,1,3,25,18,P. Manalang,2,jump shot,2018.11.10,SAC,2
6639,UST,UP,0,-54,61,8,K. Zamora,3,jump shot,2018.11.10,SAC,0
6640,UST,UP,1,-5,1,27,C. Cansino,2,jump shot,2018.11.10,SAC,2
6641,UST,UP,0,-46,66,6,M. Lee,3,jump shot,2018.11.10,SAC,0
6642,UST,UP,1,71,0,6,M. Lee,3,jump shot,2018.11.10,SAC,3
6643,UST,UP,0,8,2,27,C. Cansino,2,jump shot,2018.11.10,SAC,0
6644,UST,UP,0,-21,3,11,E. Caunan,2,jump shot,2018.11.10,SAC,0
6645,UST,UP,1,5,0,13,Z. Huang,2,jump shot,2018.11.10,SAC,2
6646,UST,UP,1,-1,75,5,R. Subido,3,jump shot,2018.11.10,SAC,3
6647,UST,UP,1,16,38,26,G. Mahinay,2,jump shot,2018.11.10,SAC,2
6648,UST,UP,0,-52,78,6,M. Lee,3,jump shot,2018.11.10,SAC,0
6649,UST,UP,0,-49,57,5,R. Subido,3,jump shot,2018.11.10,SAC,0
6650,UST,UP,1,-21,28,11,E. Caunan,2,jump shot,2018.11.10,SAC,2
6651,UST,UP,1,5,1,2,I. Batalier,2,jump shot,2018.11.10,SAC,2
6652,UST,UP,1,-8,2,7,J. Marcos,2,lay up,2018.11.10,SAC,2
6653,UST,UP,0,8,3,5,R. Subido,2,jump shot,2018.11.10,SAC,0
6654,UST,UP,0,61,63,4,M. Bonleon,3,jump shot,2018.11.10,SAC,0
6655,UST,UP,1,44,71,6,M. Lee,3,jump shot,2018.11.10,SAC,3
6656,UST,UP,1,12,81,5,R. Subido,3,jump shot,2018.11.10,SAC,3
6657,UST,UP,0,44,63,5,R. Subido,3,jump shot,2018.11.10,SAC,0
6658,UST,UP,0,7,22,6,M. Lee,2,jump shot,2018.11.10,SAC,0
6659,UST,UP,1,68,-2,6,M. Lee,3,jump shot,2018.11.10,SAC,3
6660,UST,UP,1,66,36,6,M. Lee,3,jump shot,2018.11.10,SAC,3
6661,UST,UP,0,-57,46,6,M. Lee,3,jump shot,2018.11.10,SAC,0
6662,UST,UP,0,-11,0,26,G. Mahinay,2,jump shot,2018.11.10,SAC,0
6663,UST,UP,0,-8,3,13,Z. Huang,2,jump shot,2018.11.10,SAC,0
6664,UST,UP,0,7,1,26,G. Mahinay,2,jump shot,2018.11.10,SAC,0
6665,UST,UP,0,-72,-8,6,M. Lee,3,jump shot,2018.11.10,SAC,0
6666,UST,UP,0,29,72,8,K. Zamora,3,jump shot,2018.11.10,SAC,0
6667,UST,UP,0,-64,60,5,R. Subido,3,jump shot,2018.11.10,SAC,0
6668,UST,UP,1,11,0,5,R. Subido,2,jump shot,2018.11.10,SAC,2
6669,UST,UP,0,-71,58,15,T. Agustin,3,jump shot,2018.11.10,SAC,0
6670,UST,UP,0,-8,3,7,J. Marcos,2,jump shot,2018.11.10,SAC,0
6671,UST,UP,0,-23,77,7,J. Marcos,3,jump shot,2018.11.10,SAC,0
6672,UST,UP,0,6,7,5,R. Subido,2,jump shot,2018.11.10,SAC,0
6673,UST,UP,0,14,11,15,T. Agustin,2,jump shot,2018.11.10,SAC,0
6674,UST,UP,0,36,11,26,G. Mahinay,2,jump shot,2018.11.10,SAC,0
6675,UST,UP,0,-3,21,26,G. Mahinay,2,jump shot,2018.11.10,SAC,0
6676,UST,UP,0,8,2,26,G. Mahinay,2,jump shot,2018.11.10,SAC,0
6677,UST,UP,0,35,4,13,Z. Huang,2,jump shot,2018.11.10,SAC,0
6678,UST,UP,0,11,-1,26,G. Mahinay,2,jump shot,2018.11.10,SAC,0
6679,UST,UP,0,25,71,5,R. Subido,3,jump shot,2018.11.10,SAC,0
6680,UST,UP,1,72,-6,6,M. Lee,3,jump shot,2018.11.10,SAC,3
6681,UST,UP,1,49,65,5,R. Subido,3,jump shot,2018.11.10,SAC,3
6682,UST,UP,0,-9,-4,26,G. Mahinay,2,jump shot,2018.11.10,SAC,0
6683,UST,UP,1,5,9,2,I. Batalier,2,jump shot,2018.11.10,SAC,2
6684,UST,UP,0,27,-1,5,R. Subido,2,jump shot,2018.11.10,SAC,0
6685,UST,UP,0,4,81,2,I. Batalier,3,jump shot,2018.11.10,SAC,0
6686,UST,UP,0,29,0,2,I. Batalier,2,jump shot,2018.11.10,SAC,0
6687,UST,UP,1,66,35,5,R. Subido,3,jump shot,2018.11.10,SAC,3
6688,UST,UP,0,25,55,13,Z. Huang,2,jump shot,2018.11.10,SAC,0
6689,UST,UP,1,-47,64,6,M. Lee,3,jump shot,2018.11.10,SAC,3
6690,UST,UP,0,60,51,8,K. Zamora,3,jump shot,2018.11.10,SAC,0
6691,UST,UP,0,-3,34,13,Z. Huang,2,jump shot,2018.11.10,SAC,0
6692,UST,UP,0,-40,59,6,M. Lee,3,jump shot,2018.11.10,SAC,0
6693,UST,UP,0,-6,73,5,R. Subido,3,jump shot,2018.11.10,SAC,0
6694,UST,UP,0,-72,-6,6,M. Lee,3,jump shot,2018.11.10,SAC,0
6695,UST,UP,0,18,-1,6,M. Lee,2,jump shot,2018.11.10,SAC,0
6696,UST,UP,0,42,65,8,K. Zamora,3,jump shot,2018.11.10,SAC,0
6697,UST,UP,0,-64,51,8,K. Zamora,3,jump shot,2018.11.10,SAC,0
6698,UST,UP,1,-64,42,6,M. Lee,3,jump shot,2018.11.10,SAC,3
6699,UST,UP,0,2,7,5,R. Subido,2,jump shot,2018.11.10,SAC,0
6700,UST,UP,0,48,57,5,R. Subido,3,jump shot,2018.11.10,SAC,0
6701,UST,UP,0,-31,71,5,R. Subido,3,jump shot,2018.11.10,SAC,0
6702,UST,UP,1,-4,85,2,I. Batalier,3,jump shot,2018.11.10,SAC,3
6703,UST,UP,0,-10,87,6,M. Lee,3,jump shot,2018.11.10,SAC,0
6704,UST,UP,0,39,73,5,R. Subido,3,jump shot,2018.11.10,SAC,0
6705,UST,UP,1,-10,-1,6,M. Lee,2,lay up,2018.11.10,SAC,2
6706,UST,UP,0,59,63,6,M. Lee,3,jump shot,2018.11.10,SAC,0
6707,UP,UST,0,15,8,10,D. Murrell,2,jump shot,2018.11.10,SAC,0
6708,UP,UST,1,9,0,0,B. Akhuetie,2,jump shot,2018.11.10,SAC,2
6709,UP,UST,0,-7,0,0,B. Akhuetie,2,jump shot,2018.11.10,SAC,0
6710,UP,UST,0,-5,1,13,J. Manzo,2,jump shot,2018.11.10,SAC,0
6711,UP,UST,1,3,0,17,F. Jaboneta,2,jump shot,2018.11.10,SAC,2
6712,UP,UST,0,56,50,18,P. Desiderio,3,jump shot,2018.11.10,SAC,0
6713,UP,UST,1,-1,6,18,P. Desiderio,2,lay up,2018.11.10,SAC,2
6714,UP,UST,1,5,3,18,P. Desiderio,2,jump shot,2018.11.10,SAC,2
6715,UP,UST,1,9,-3,6,Ja. Gomez de Liaño,2,jump shot,2018.11.10,SAC,2
6716,UP,UST,0,-57,56,13,J. Manzo,3,jump shot,2018.11.10,SAC,0
6717,UP,UST,1,-4,0,20,J. Prado,2,jump shot,2018.11.10,SAC,2
6718,UP,UST,0,-21,45,1,Ju. Gomez de Liaño,2,jump shot,2018.11.10,SAC,0
6719,UP,UST,0,63,57,12,J. Lim,3,jump shot,2018.11.10,SAC,0
6720,UP,UST,1,53,54,18,P. Desiderio,3,jump shot,2018.11.10,SAC,3
6721,UP,UST,0,-14,25,18,P. Desiderio,2,jump shot,2018.11.10,SAC,0
6722,UP,UST,1,10,71,1,Ju. Gomez de Liaño,3,jump shot,2018.11.10,SAC,3
6723,UP,UST,1,-54,57,1,Ju. Gomez de Liaño,3,jump shot,2018.11.10,SAC,3
6724,UP,UST,0,-52,63,1,Ju. Gomez de Liaño,3,jump shot,2018.11.10,SAC,0
6725,UP,UST,0,-57,54,1,Ju. Gomez de Liaño,3,jump shot,2018.11.10,SAC,0
6726,UP,UST,1,1,10,18,P. Desiderio,2,lay up,2018.11.10,SAC,2
6727,UP,UST,0,8,82,18,P. Desiderio,3,jump shot,2018.11.10,SAC,0
6728,UP,UST,1,-1,2,0,B. Akhuetie,2,jump shot,2018.11.10,SAC,2
6729,UP,UST,0,-3,-2,18,P. Desiderio,2,jump shot,2018.11.10,SAC,0
6730,UP,UST,0,72,-6,3,J. Spencer,3,jump shot,2018.11.10,SAC,0
6731,UP,UST,1,7,-3,10,D. Murrell,2,jump shot,2018.11.10,SAC,2
6732,UP,UST,1,9,5,0,B. Akhuetie,2,jump shot,2018.11.10,SAC,2
6733,UP,UST,1,-3,1,1,Ju. Gomez de Liaño,2,lay up,2018.11.10,SAC,2
6734,UP,UST,1,-7,42,10,D. Murrell,2,jump shot,2018.11.10,SAC,2
6735,UP,UST,1,-1,0,18,P. Desiderio,2,jump shot,2018.11.10,SAC,2
6736,UP,UST,1,-3,2,10,D. Murrell,2,jump shot,2018.11.10,SAC,2
6737,UP,UST,0,0,10,0,B. Akhuetie,2,jump shot,2018.11.10,SAC,0
6738,UP,UST,1,2,5,18,P. Desiderio,2,jump shot,2018.11.10,SAC,2
6739,UP,UST,0,-70,-3,1,Ju. Gomez de Liaño,3,jump shot,2018.11.10,SAC,0
6740,UP,UST,0,-1,8,17,F. Jaboneta,2,jump shot,2018.11.10,SAC,0
6741,UP,UST,1,-3,3,0,B. Akhuetie,2,jump shot,2018.11.10,SAC,2
6742,UP,UST,0,-70,6,18,P. Desiderio,3,jump shot,2018.11.10,SAC,0
6743,UP,UST,0,0,3,13,J. Manzo,2,jump shot,2018.11.10,SAC,0
6744,UP,UST,1,1,0,0,B. Akhuetie,2,jump shot,2018.11.10,SAC,2
6745,UP,UST,1,17,23,13,J. Manzo,2,jump shot,2018.11.10,SAC,2
6746,UP,UST,0,70,6,12,J. Lim,3,jump shot,2018.11.10,SAC,0
6747,UP,UST,1,-45,74,18,P. Desiderio,3,jump shot,2018.11.10,SAC,3
6748,UP,UST,1,-60,46,18,P. Desiderio,3,jump shot,2018.11.10,SAC,3
6749,UP,UST,0,-60,62,1,Ju. Gomez de Liaño,3,jump shot,2018.11.10,SAC,0
6750,UP,UST,1,72,68,13,J. Manzo,3,jump shot,2018.11.10,SAC,3
6751,UP,UST,0,0,6,0,B. Akhuetie,2,jump shot,2018.11.10,SAC,0
6752,UP,UST,0,56,69,1,Ju. Gomez de Liaño,3,jump shot,2018.11.10,SAC,0
6753,UP,UST,1,-72,0,15,C. Vito,3,jump shot,2018.11.10,SAC,3
6754,UP,UST,0,17,28,13,J. Manzo,2,jump shot,2018.11.10,SAC,0
6755,UP,UST,1,-13,-5,1,Ju. Gomez de Liaño,2,jump shot,2018.11.10,SAC,2
6756,UP,UST,0,53,55,15,C. Vito,3,jump shot,2018.11.10,SAC,0
6757,UP,UST,1,-7,0,0,B. Akhuetie,2,jump shot,2018.11.10,SAC,2
6758,UP,UST,1,-2,-2,0,B. Akhuetie,2,jump shot,2018.11.10,SAC,2
6759,UP,UST,0,52,62,18,P. Desiderio,3,jump shot,2018.11.10,SAC,0
6760,UP,UST,0,-71,2,15,C. Vito,3,jump shot,2018.11.10,SAC,0
6761,UP,UST,1,-3,3,17,F. Jaboneta,2,lay up,2018.11.10,SAC,2
6762,UP,UST,0,-6,5,6,Ja. Gomez de Liaño,2,jump shot,2018.11.10,SAC,0
6763,UP,UST,1,0,0,0,B. Akhuetie,2,jump shot,2018.11.10,SAC,2
6764,UP,UST,0,-51,50,18,P. Desiderio,3,jump shot,2018.11.10,SAC,0
6765,UP,UST,1,-6,5,17,F. Jaboneta,2,jump shot,2018.11.10,SAC,2
6766,UP,UST,0,1,1,17,F. Jaboneta,2,jump shot,2018.11.10,SAC,0
6767,UP,UST,1,-8,7,0,B. Akhuetie,2,jump shot,2018.11.10,SAC,2
6768,UP,UST,1,-8,4,0,B. Akhuetie,2,dunk,2018.11.10,SAC,2
6769,UP,UST,0,-4,3,0,B. Akhuetie,2,jump shot,2018.11.10,SAC,0
6770,UP,UST,1,-6,2,0,B. Akhuetie,2,jump shot,2018.11.10,SAC,2
6771,UP,UST,0,-29,14,1,Ju. Gomez de Liaño,2,jump shot,2018.11.10,SAC,0
6772,UP,UST,1,-70,-6,17,F. Jaboneta,3,jump shot,2018.11.10,SAC,3
6773,UP,UST,0,-59,42,6,Ja. Gomez de Liaño,3,jump shot,2018.11.10,SAC,0
6774,UP,UST,0,2,0,1,Ju. Gomez de Liaño,2,jump shot,2018.11.10,SAC,0
6775,UP,UST,0,-23,-4,18,P. Desiderio,2,jump shot,2018.11.10,SAC,0
6776,UP,UST,0,70,0,33,D. Longa,3,jump shot,2018.11.10,SAC,0
6777,FEU,NU,1,-50,64,41,A. Tolentino,3,jump shot,2018.11.11,SAC,3
6778,FEU,NU,0,66,24,41,A. Tolentino,3,jump shot,2018.11.11,SAC,0
6779,FEU,NU,0,-16,39,8,B. Ebona,2,jump shot,2018.11.11,SAC,0
6780,FEU,NU,0,69,18,20,K. Tuffin,3,jump shot,2018.11.11,SAC,0
6781,FEU,NU,0,36,22,41,A. Tolentino,2,jump shot,2018.11.11,SAC,0
6782,FEU,NU,0,-52,63,20,K. Tuffin,3,jump shot,2018.11.11,SAC,0
6783,FEU,NU,0,-66,39,41,A. Tolentino,3,jump shot,2018.11.11,SAC,0
6784,FEU,NU,1,75,1,20,K. Tuffin,3,jump shot,2018.11.11,SAC,3
6785,FEU,NU,0,-58,62,3,J. Parker,3,jump shot,2018.11.11,SAC,0
6786,FEU,NU,1,72,20,3,J. Parker,3,jump shot,2018.11.11,SAC,3
6787,FEU,NU,1,31,13,2,A. Stockton,2,jump shot,2018.11.11,SAC,2
6788,FEU,NU,1,-55,51,41,A. Tolentino,3,jump shot,2018.11.11,SAC,3
6789,FEU,NU,0,-30,81,41,A. Tolentino,3,jump shot,2018.11.11,SAC,0
6790,FEU,NU,0,-16,76,5,A. Inigo,3,jump shot,2018.11.11,SAC,0
6791,FEU,NU,0,-54,56,9,H. Cani,3,jump shot,2018.11.11,SAC,0
6792,FEU,NU,1,-2,3,17,P. Orizu,2,jump shot,2018.11.11,SAC,2
6793,FEU,NU,1,70,-3,15,B. Bienes,3,jump shot,2018.11.11,SAC,3
6794,FEU,NU,0,1,78,15,B. Bienes,3,jump shot,2018.11.11,SAC,0
6795,FEU,NU,1,-8,-1,15,B. Bienes,2,jump shot,2018.11.11,SAC,2
6796,FEU,NU,1,-72,0,10,W. Comboy,3,jump shot,2018.11.11,SAC,3
6797,FEU,NU,0,-71,23,13,L. Gonzales,3,jump shot,2018.11.11,SAC,0
6798,FEU,NU,0,74,7,10,W. Comboy,3,jump shot,2018.11.11,SAC,0
6799,FEU,NU,1,64,51,41,A. Tolentino,3,jump shot,2018.11.11,SAC,3
6800,FEU,NU,0,-58,54,41,A. Tolentino,3,jump shot,2018.11.11,SAC,0
6801,FEU,NU,1,71,2,20,K. Tuffin,3,jump shot,2018.11.11,SAC,3
6802,FEU,NU,0,-71,2,20,K. Tuffin,3,jump shot,2018.11.11,SAC,0
6803,FEU,NU,1,-14,35,13,L. Gonzales,2,jump shot,2018.11.11,SAC,2
6804,FEU,NU,1,-6,2,8,B. Ebona,2,jump shot,2018.11.11,SAC,2
6805,FEU,NU,0,-1,2,8,B. Ebona,2,jump shot,2018.11.11,SAC,0
6806,FEU,NU,1,-64,3,13,L. Gonzales,2,jump shot,2018.11.11,SAC,2
6807,FEU,NU,1,-7,3,41,A. Tolentino,2,lay up,2018.11.11,SAC,2
6808,FEU,NU,1,-13,79,41,A. Tolentino,3,jump shot,2018.11.11,SAC,3
6809,FEU,NU,0,0,4,13,L. Gonzales,2,jump shot,2018.11.11,SAC,0
6810,FEU,NU,1,-51,61,20,K. Tuffin,3,jump shot,2018.11.11,SAC,3
6811,FEU,NU,0,-2,6,3,J. Parker,2,jump shot,2018.11.11,SAC,0
6812,FEU,NU,1,71,0,2,A. Stockton,3,jump shot,2018.11.11,SAC,3
6813,FEU,NU,0,-52,59,2,A. Stockton,3,jump shot,2018.11.11,SAC,0
6814,FEU,NU,1,-1,0,20,K. Tuffin,2,lay up,2018.11.11,SAC,2
6815,FEU,NU,1,5,11,2,A. Stockton,2,jump shot,2018.11.11,SAC,2
6816,FEU,NU,0,63,43,41,A. Tolentino,3,jump shot,2018.11.11,SAC,0
6817,FEU,NU,1,-3,4,8,B. Ebona,2,jump shot,2018.11.11,SAC,2
6818,FEU,NU,1,-5,0,3,J. Parker,2,jump shot,2018.11.11,SAC,2
6819,FEU,NU,0,-8,2,3,J. Parker,2,jump shot,2018.11.11,SAC,0
6820,FEU,NU,0,62,52,20,K. Tuffin,3,jump shot,2018.11.11,SAC,0
6821,FEU,NU,0,53,59,20,K. Tuffin,3,jump shot,2018.11.11,SAC,0
6822,FEU,NU,1,71,-5,5,A. Inigo,3,jump shot,2018.11.11,SAC,3
6823,FEU,NU,1,8,7,17,P. Orizu,2,jump shot,2018.11.11,SAC,2
6824,FEU,NU,0,-73,2,0,K. Bayquin,3,jump shot,2018.11.11,SAC,0
6825,FEU,NU,0,-14,3,15,B. Bienes,2,jump shot,2018.11.11,SAC,0
6826,FEU,NU,1,-37,40,5,A. Inigo,2,jump shot,2018.11.11,SAC,2
6827,FEU,NU,0,-55,60,15,B. Bienes,3,jump shot,2018.11.11,SAC,0
6828,FEU,NU,0,3,3,9,H. Cani,2,jump shot,2018.11.11,SAC,0
6829,FEU,NU,0,6,1,9,H. Cani,2,jump shot,2018.11.11,SAC,0
6830,FEU,NU,0,69,-2,5,A. Inigo,3,jump shot,2018.11.11,SAC,0
6831,FEU,NU,1,-5,7,0,K. Bayquin,2,jump shot,2018.11.11,SAC,2
6832,FEU,NU,0,53,54,41,A. Tolentino,3,jump shot,2018.11.11,SAC,0
6833,FEU,NU,0,72,-4,2,A. Stockton,3,jump shot,2018.11.11,SAC,0
6834,FEU,NU,0,30,76,41,A. Tolentino,3,jump shot,2018.11.11,SAC,0
6835,FEU,NU,1,-4,5,13,L. Gonzales,2,lay up,2018.11.11,SAC,2
6836,FEU,NU,1,-6,2,13,L. Gonzales,2,lay up,2018.11.11,SAC,2
6837,FEU,NU,1,6,4,20,K. Tuffin,2,dunk,2018.11.11,SAC,2
6838,FEU,NU,0,1,0,13,L. Gonzales,2,jump shot,2018.11.11,SAC,0
6839,FEU,NU,0,58,60,20,K. Tuffin,3,jump shot,2018.11.11,SAC,0
6840,FEU,NU,0,61,44,20,K. Tuffin,3,jump shot,2018.11.11,SAC,0
6841,FEU,NU,0,18,44,13,L. Gonzales,2,jump shot,2018.11.11,SAC,0
6842,FEU,NU,0,4,29,41,A. Tolentino,2,jump shot,2018.11.11,SAC,0
6843,FEU,NU,0,-50,68,9,H. Cani,3,jump shot,2018.11.11,SAC,0
6844,FEU,NU,0,66,55,3,J. Parker,3,jump shot,2018.11.11,SAC,0
6845,NU,FEU,0,56,59,13,M. Aquino,3,jump shot,2018.11.11,SAC,0
6846,NU,FEU,0,39,71,9,J. Clemente,3,jump shot,2018.11.11,SAC,0
6847,NU,FEU,1,-53,67,1,D. Ildefonso,3,jump shot,2018.11.11,SAC,3
6848,NU,FEU,1,-43,18,13,M. Aquino,2,jump shot,2018.11.11,SAC,2
6849,NU,FEU,0,-2,0,0,S. Ildefonso,2,jump shot,2018.11.11,SAC,0
6850,NU,FEU,0,-23,-2,5,A. Diputado,2,jump shot,2018.11.11,SAC,0
6851,NU,FEU,1,-9,13,9,J. Clemente,2,jump shot,2018.11.11,SAC,2
6852,NU,FEU,0,-34,-13,13,M. Aquino,2,jump shot,2018.11.11,SAC,0
6853,NU,FEU,0,60,56,9,J. Clemente,3,jump shot,2018.11.11,SAC,0
6854,NU,FEU,0,45,66,5,A. Diputado,3,jump shot,2018.11.11,SAC,0
6855,NU,FEU,1,0,9,9,J. Clemente,2,jump shot,2018.11.11,SAC,2
6856,NU,FEU,0,-63,42,1,D. Ildefonso,3,jump shot,2018.11.11,SAC,0
6857,NU,FEU,0,-6,-2,0,S. Ildefonso,2,jump shot,2018.11.11,SAC,0
6858,NU,FEU,1,-54,59,9,J. Clemente,3,jump shot,2018.11.11,SAC,3
6859,NU,FEU,1,3,3,5,A. Diputado,2,lay up,2018.11.11,SAC,2
6860,NU,FEU,0,40,69,9,J. Clemente,3,jump shot,2018.11.11,SAC,0
6861,NU,FEU,1,4,4,27,J. Tibayan,2,jump shot,2018.11.11,SAC,2
6862,NU,FEU,0,-10,2,9,J. Clemente,2,jump shot,2018.11.11,SAC,0
6863,NU,FEU,1,-1,53,14,J. Galinato,2,jump shot,2018.11.11,SAC,2
6864,NU,FEU,1,40,40,21,T. Rike,2,jump shot,2018.11.11,SAC,2
6865,NU,FEU,1,43,9,9,J. Clemente,2,jump shot,2018.11.11,SAC,2
6866,NU,FEU,0,32,36,27,J. Tibayan,2,jump shot,2018.11.11,SAC,0
6867,NU,FEU,0,35,25,21,T. Rike,2,jump shot,2018.11.11,SAC,0
6868,NU,FEU,1,-8,9,10,I. Gaye,2,jump shot,2018.11.11,SAC,2
6869,NU,FEU,0,-9,12,10,I. Gaye,2,jump shot,2018.11.11,SAC,0
6870,NU,FEU,0,52,0,6,J. Sinclair,2,jump shot,2018.11.11,SAC,0
6871,NU,FEU,1,-6,0,19,J. Gallego,2,lay up,2018.11.11,SAC,2
6872,NU,FEU,0,-8,2,0,S. Ildefonso,2,jump shot,2018.11.11,SAC,0
6873,NU,FEU,0,-10,9,1,D. Ildefonso,2,jump shot,2018.11.11,SAC,0
6874,NU,FEU,1,14,41,9,J. Clemente,2,jump shot,2018.11.11,SAC,2
6875,NU,FEU,0,-19,10,0,S. Ildefonso,2,jump shot,2018.11.11,SAC,0
6876,NU,FEU,0,-44,65,1,D. Ildefonso,3,jump shot,2018.11.11,SAC,0
6877,NU,FEU,0,-10,5,14,J. Galinato,2,jump shot,2018.11.11,SAC,0
6878,NU,FEU,1,-1,0,9,J. Clemente,2,jump shot,2018.11.11,SAC,2
6879,NU,FEU,0,0,3,13,M. Aquino,2,jump shot,2018.11.11,SAC,0
6880,NU,FEU,1,-1,-2,1,D. Ildefonso,2,jump shot,2018.11.11,SAC,2
6881,NU,FEU,1,11,4,9,J. Clemente,2,jump shot,2018.11.11,SAC,2
6882,NU,FEU,0,-12,6,0,S. Ildefonso,2,jump shot,2018.11.11,SAC,0
6883,NU,FEU,1,-70,-7,9,J. Clemente,3,jump shot,2018.11.11,SAC,3
6884,NU,FEU,0,65,45,1,D. Ildefonso,3,jump shot,2018.11.11,SAC,0
6885,NU,FEU,1,45,80,1,D. Ildefonso,3,jump shot,2018.11.11,SAC,3
6886,NU,FEU,1,52,59,9,J. Clemente,3,jump shot,2018.11.11,SAC,3
6887,NU,FEU,0,62,47,9,J. Clemente,3,jump shot,2018.11.11,SAC,0
6888,NU,FEU,1,5,2,9,J. Clemente,2,jump shot,2018.11.11,SAC,2
6889,NU,FEU,1,-69,20,9,J. Clemente,3,jump shot,2018.11.11,SAC,3
6890,NU,FEU,1,59,49,9,J. Clemente,3,jump shot,2018.11.11,SAC,3
6891,NU,FEU,1,-12,3,5,A. Diputado,2,jump shot,2018.11.11,SAC,2
6892,NU,FEU,0,72,-5,5,A. Diputado,3,jump shot,2018.11.11,SAC,0
6893,NU,FEU,1,6,5,1,D. Ildefonso,2,jump shot,2018.11.11,SAC,2
6894,NU,FEU,0,-54,49,1,D. Ildefonso,3,jump shot,2018.11.11,SAC,0
6895,NU,FEU,1,58,47,15,D. Yu,3,jump shot,2018.11.11,SAC,3
6896,NU,FEU,0,47,70,15,D. Yu,3,jump shot,2018.11.11,SAC,0
6897,NU,FEU,0,49,-1,8,A. Joson,2,jump shot,2018.11.11,SAC,0
6898,NU,FEU,0,45,57,9,J. Clemente,3,jump shot,2018.11.11,SAC,0
6899,NU,FEU,0,-26,4,0,S. Ildefonso,2,jump shot,2018.11.11,SAC,0
6900,NU,FEU,0,69,3,9,J. Clemente,3,jump shot,2018.11.11,SAC,0
6901,NU,FEU,0,-29,46,21,T. Rike,2,jump shot,2018.11.11,SAC,0
6902,NU,FEU,0,-23,88,9,J. Clemente,3,jump shot,2018.11.11,SAC,0
6903,NU,FEU,0,-72,4,15,D. Yu,3,jump shot,2018.11.11,SAC,0
6904,NU,FEU,0,-67,43,9,J. Clemente,3,jump shot,2018.11.11,SAC,0
6905,NU,FEU,0,4,1,7,M. Salim,2,jump shot,2018.11.11,SAC,0
6906,NU,FEU,0,6,-3,0,S. Ildefonso,2,jump shot,2018.11.11,SAC,0
6907,NU,FEU,1,-11,5,9,J. Clemente,2,jump shot,2018.11.11,SAC,2
6908,NU,FEU,1,2,0,7,M. Salim,2,jump shot,2018.11.11,SAC,2
6909,NU,FEU,1,0,16,1,D. Ildefonso,2,jump shot,2018.11.11,SAC,2
6910,NU,FEU,0,-11,19,9,J. Clemente,2,jump shot,2018.11.11,SAC,0
6911,NU,FEU,0,-65,53,9,J. Clemente,3,jump shot,2018.11.11,SAC,0
6912,NU,FEU,1,10,0,9,J. Clemente,2,jump shot,2018.11.11,SAC,2
6913,DLSU,ADMU,0,-5,3,11,A. Melecio,2,jump shot,2018.11.11,SAC,0
6914,DLSU,ADMU,1,0,14,30,A. Caracut,2,jump shot,2018.11.11,SAC,2
6915,DLSU,ADMU,0,34,9,25,L. Santillian,2,jump shot,2018.11.11,SAC,0
6916,DLSU,ADMU,1,-1,14,25,L. Santillian,2,jump shot,2018.11.11,SAC,2
6917,DLSU,ADMU,0,69,45,6,J. Manuel,3,jump shot,2018.11.11,SAC,0
6918,DLSU,ADMU,1,15,8,25,L. Santillian,2,jump shot,2018.11.11,SAC,2
6919,DLSU,ADMU,0,-2,40,25,L. Santillian,2,jump shot,2018.11.11,SAC,0
6920,DLSU,ADMU,1,-69,0,11,A. Melecio,3,jump shot,2018.11.11,SAC,3
6921,DLSU,ADMU,1,5,6,15,K. Montalbo,2,jump shot,2018.11.11,SAC,2
6922,DLSU,ADMU,0,-12,3,15,K. Montalbo,2,jump shot,2018.11.11,SAC,0
6923,DLSU,ADMU,0,-11,-1,19,J. Baltazar,2,jump shot,2018.11.11,SAC,0
6924,DLSU,ADMU,1,-54,100,6,J. Manuel,3,jump shot,2018.11.11,SAC,3
6925,DLSU,ADMU,0,7,14,18,F. Serrano,2,jump shot,2018.11.11,SAC,0
6926,DLSU,ADMU,0,68,-1,18,F. Serrano,3,jump shot,2018.11.11,SAC,0
6927,DLSU,ADMU,1,-62,0,11,A. Melecio,2,jump shot,2018.11.11,SAC,2
6928,DLSU,ADMU,1,2,2,2,K. Samuel,2,lay up,2018.11.11,SAC,2
6929,DLSU,ADMU,0,3,15,19,J. Baltazar,2,jump shot,2018.11.11,SAC,0
6930,DLSU,ADMU,0,-5,8,19,J. Baltazar,2,jump shot,2018.11.11,SAC,0
6931,DLSU,ADMU,0,-8,2,25,L. Santillian,2,jump shot,2018.11.11,SAC,0
6932,DLSU,ADMU,1,-1,4,25,L. Santillian,2,jump shot,2018.11.11,SAC,2
6933,DLSU,ADMU,0,64,52,11,A. Melecio,3,jump shot,2018.11.11,SAC,0
6934,DLSU,ADMU,0,0,5,11,A. Melecio,2,jump shot,2018.11.11,SAC,0
6935,DLSU,ADMU,1,1,5,19,J. Baltazar,2,jump shot,2018.11.11,SAC,2
6936,DLSU,ADMU,1,56,63,11,A. Melecio,3,jump shot,2018.11.11,SAC,3
6937,DLSU,ADMU,0,-63,46,11,A. Melecio,3,jump shot,2018.11.11,SAC,0
6938,DLSU,ADMU,0,-49,60,6,J. Manuel,3,jump shot,2018.11.11,SAC,0
6939,DLSU,ADMU,0,-16,5,2,K. Samuel,2,jump shot,2018.11.11,SAC,0
6940,DLSU,ADMU,0,-2,-1,2,K. Samuel,2,jump shot,2018.11.11,SAC,0
6941,DLSU,ADMU,0,13,82,2,K. Samuel,3,jump shot,2018.11.11,SAC,0
6942,DLSU,ADMU,1,-4,3,19,J. Baltazar,2,jump shot,2018.11.11,SAC,2
6943,DLSU,ADMU,0,4,11,30,A. Caracut,2,jump shot,2018.11.11,SAC,0
6944,DLSU,ADMU,0,-5,4,25,L. Santillian,2,jump shot,2018.11.11,SAC,0
6945,DLSU,ADMU,0,-60,58,16,J. Go,3,jump shot,2018.11.11,SAC,0
6946,DLSU,ADMU,1,-12,3,25,L. Santillian,2,jump shot,2018.11.11,SAC,2
6947,DLSU,ADMU,0,-51,38,30,A. Caracut,2,jump shot,2018.11.11,SAC,0
6948,DLSU,ADMU,0,49,20,6,J. Manuel,2,jump shot,2018.11.11,SAC,0
6949,DLSU,ADMU,1,-5,0,2,K. Samuel,2,jump shot,2018.11.11,SAC,2
6950,DLSU,ADMU,1,-7,0,32,B. Bates,2,jump shot,2018.11.11,SAC,2
6951,DLSU,ADMU,1,-9,0,2,K. Samuel,2,jump shot,2018.11.11,SAC,2
6952,DLSU,ADMU,1,-5,2,11,A. Melecio,2,jump shot,2018.11.11,SAC,2
6953,DLSU,ADMU,1,36,74,30,A. Caracut,3,jump shot,2018.11.11,SAC,3
6954,DLSU,ADMU,0,46,7,30,A. Caracut,2,jump shot,2018.11.11,SAC,0
6955,DLSU,ADMU,1,8,5,6,J. Manuel,2,lay up,2018.11.11,SAC,2
6956,DLSU,ADMU,0,-8,6,25,L. Santillian,2,jump shot,2018.11.11,SAC,0
6957,DLSU,ADMU,0,2,-5,25,L. Santillian,2,jump shot,2018.11.11,SAC,0
6958,DLSU,ADMU,0,7,-3,30,A. Caracut,2,jump shot,2018.11.11,SAC,0
6959,DLSU,ADMU,0,-44,77,15,K. Montalbo,3,jump shot,2018.11.11,SAC,0
6960,DLSU,ADMU,0,15,3,25,L. Santillian,2,jump shot,2018.11.11,SAC,0
6961,DLSU,ADMU,0,-64,50,11,A. Melecio,3,jump shot,2018.11.11,SAC,0
6962,DLSU,ADMU,0,-15,2,11,A. Melecio,2,jump shot,2018.11.11,SAC,0
6963,DLSU,ADMU,0,-68,32,15,K. Montalbo,3,jump shot,2018.11.11,SAC,0
6964,DLSU,ADMU,0,26,75,30,A. Caracut,3,jump shot,2018.11.11,SAC,0
6965,DLSU,ADMU,0,-59,61,18,F. Serrano,3,jump shot,2018.11.11,SAC,0
6966,DLSU,ADMU,1,4,0,19,J. Baltazar,2,jump shot,2018.11.11,SAC,2
6967,DLSU,ADMU,1,7,4,18,F. Serrano,2,jump shot,2018.11.11,SAC,2
6968,DLSU,ADMU,0,-38,61,2,K. Samuel,3,jump shot,2018.11.11,SAC,0
6969,DLSU,ADMU,1,-20,22,19,J. Baltazar,2,jump shot,2018.11.11,SAC,2
6970,DLSU,ADMU,0,-33,87,11,A. Melecio,3,jump shot,2018.11.11,SAC,0
6971,DLSU,ADMU,0,-1,9,25,L. Santillian,2,jump shot,2018.11.11,SAC,0
6972,DLSU,ADMU,1,-5,5,19,J. Baltazar,2,jump shot,2018.11.11,SAC,2
6973,DLSU,ADMU,0,51,61,19,J. Baltazar,3,jump shot,2018.11.11,SAC,0
6974,DLSU,ADMU,0,48,63,19,J. Baltazar,3,jump shot,2018.11.11,SAC,0
6975,DLSU,ADMU,0,-68,30,30,A. Caracut,3,jump shot,2018.11.11,SAC,0
6976,DLSU,ADMU,0,45,6,19,J. Baltazar,2,jump shot,2018.11.11,SAC,0
6977,DLSU,ADMU,0,-9,28,15,K. Montalbo,2,jump shot,2018.11.11,SAC,0
6978,DLSU,ADMU,1,71,15,30,A. Caracut,3,jump shot,2018.11.11,SAC,3
6979,ADMU,DLSU,0,12,49,22,R. Verano,2,jump shot,2018.11.11,SAC,0
6980,ADMU,DLSU,0,-16,0,34,A. Kouame,2,jump shot,2018.11.11,SAC,0
6981,ADMU,DLSU,1,7,3,22,R. Verano,2,jump shot,2018.11.11,SAC,2
6982,ADMU,DLSU,1,-63,55,4,A. Asistio,3,jump shot,2018.11.11,SAC,3
6983,ADMU,DLSU,0,-3,11,34,A. Kouame,2,jump shot,2018.11.11,SAC,0
6984,ADMU,DLSU,1,-4,0,22,R. Verano,2,lay up,2018.11.11,SAC,2
6985,ADMU,DLSU,0,-9,97,4,A. Asistio,3,jump shot,2018.11.11,SAC,0
6986,ADMU,DLSU,0,60,54,13,W. Navarro,3,jump shot,2018.11.11,SAC,0
6987,ADMU,DLSU,0,-72,32,4,A. Asistio,3,jump shot,2018.11.11,SAC,0
6988,ADMU,DLSU,0,-45,0,13,W. Navarro,2,jump shot,2018.11.11,SAC,0
6989,ADMU,DLSU,0,-42,-4,34,A. Kouame,2,jump shot,2018.11.11,SAC,0
6990,ADMU,DLSU,0,68,34,19,T. Tio,3,jump shot,2018.11.11,SAC,0
6991,ADMU,DLSU,1,-16,5,13,W. Navarro,2,jump shot,2018.11.11,SAC,2
6992,ADMU,DLSU,0,46,69,0,T. Ravena,3,jump shot,2018.11.11,SAC,0
6993,ADMU,DLSU,0,-53,69,12,J. Nieto,3,jump shot,2018.11.11,SAC,0
6994,ADMU,DLSU,1,-1,0,12,J. Nieto,2,lay up,2018.11.11,SAC,2
6995,ADMU,DLSU,1,-61,47,0,T. Ravena,3,jump shot,2018.11.11,SAC,3
6996,ADMU,DLSU,0,49,61,0,T. Ravena,3,jump shot,2018.11.11,SAC,0
6997,ADMU,DLSU,1,6,0,5,G. Mamuyac,2,jump shot,2018.11.11,SAC,2
6998,ADMU,DLSU,0,40,69,7,M. Nieto,3,jump shot,2018.11.11,SAC,0
6999,ADMU,DLSU,0,-4,4,0,T. Ravena,2,jump shot,2018.11.11,SAC,0
7000,ADMU,DLSU,0,1,0,12,J. Nieto,2,jump shot,2018.11.11,SAC,0
7001,ADMU,DLSU,0,4,8,21,M. Daves,2,jump shot,2018.11.11,SAC,0
7002,ADMU,DLSU,0,23,74,12,J. Nieto,3,jump shot,2018.11.11,SAC,0
7003,ADMU,DLSU,1,-11,6,13,W. Navarro,2,jump shot,2018.11.11,SAC,2
7004,ADMU,DLSU,0,-55,66,12,J. Nieto,3,jump shot,2018.11.11,SAC,0
7005,ADMU,DLSU,0,62,62,10,J. Mendoza,3,jump shot,2018.11.11,SAC,0
7006,ADMU,DLSU,0,52,60,10,J. Mendoza,3,jump shot,2018.11.11,SAC,0
7007,ADMU,DLSU,0,44,61,0,T. Ravena,3,jump shot,2018.11.11,SAC,0
7008,ADMU,DLSU,0,62,67,19,T. Tio,3,jump shot,2018.11.11,SAC,0
7009,ADMU,DLSU,1,3,7,19,T. Tio,2,jump shot,2018.11.11,SAC,2
7010,ADMU,DLSU,1,-71,-1,7,M. Nieto,3,jump shot,2018.11.11,SAC,3
7011,ADMU,DLSU,0,-44,74,19,T. Tio,3,jump shot,2018.11.11,SAC,0
7012,ADMU,DLSU,1,-3,-1,7,M. Nieto,2,jump shot,2018.11.11,SAC,2
7013,ADMU,DLSU,0,-3,6,12,J. Nieto,2,jump shot,2018.11.11,SAC,0
7014,ADMU,DLSU,1,6,6,22,R. Verano,2,jump shot,2018.11.11,SAC,2
7015,ADMU,DLSU,1,-7,1,12,J. Nieto,2,jump shot,2018.11.11,SAC,2
7016,ADMU,DLSU,1,-1,3,34,A. Kouame,2,jump shot,2018.11.11,SAC,2
7017,ADMU,DLSU,1,3,3,0,T. Ravena,2,dunk,2018.11.11,SAC,2
7018,ADMU,DLSU,0,55,71,4,A. Asistio,3,jump shot,2018.11.11,SAC,0
7019,ADMU,DLSU,0,66,48,0,T. Ravena,3,jump shot,2018.11.11,SAC,0
7020,ADMU,DLSU,0,-1,6,22,R. Verano,2,jump shot,2018.11.11,SAC,0
7021,ADMU,DLSU,0,63,54,12,J. Nieto,3,jump shot,2018.11.11,SAC,0
7022,ADMU,DLSU,0,70,-3,22,R. Verano,3,jump shot,2018.11.11,SAC,0
7023,ADMU,DLSU,0,15,-3,34,A. Kouame,2,jump shot,2018.11.11,SAC,0
7024,ADMU,DLSU,1,-4,3,22,R. Verano,2,jump shot,2018.11.11,SAC,2
7025,ADMU,DLSU,1,-5,-1,34,A. Kouame,2,jump shot,2018.11.11,SAC,2
7026,ADMU,DLSU,1,-4,0,34,A. Kouame,2,dunk,2018.11.11,SAC,2
7027,ADMU,DLSU,0,49,73,0,T. Ravena,3,jump shot,2018.11.11,SAC,0
7028,ADMU,DLSU,1,-9,-2,5,G. Mamuyac,2,jump shot,2018.11.11,SAC,2
7029,ADMU,DLSU,0,66,43,19,T. Tio,3,jump shot,2018.11.11,SAC,0
7030,ADMU,DLSU,0,-19,29,19,T. Tio,2,jump shot,2018.11.11,SAC,0
7031,ADMU,DLSU,0,59,60,7,M. Nieto,3,jump shot,2018.11.11,SAC,0
7032,ADMU,DLSU,1,-47,68,11,I. Go,3,jump shot,2018.11.11,SAC,3
7033,ADMU,DLSU,0,56,87,19,T. Tio,3,jump shot,2018.11.11,SAC,0
7034,ADMU,DLSU,0,72,10,7,M. Nieto,3,jump shot,2018.11.11,SAC,0
7035,ADMU,DLSU,0,60,52,19,T. Tio,3,jump shot,2018.11.11,SAC,0
7036,ADMU,DLSU,1,52,68,19,T. Tio,3,jump shot,2018.11.11,SAC,3
7037,ADMU,DLSU,0,-8,2,5,G. Mamuyac,2,jump shot,2018.11.11,SAC,0
7038,ADMU,DLSU,0,7,80,19,T. Tio,3,jump shot,2018.11.11,SAC,0
7039,ADMU,DLSU,0,-37,8,11,I. Go,2,jump shot,2018.11.11,SAC,0
7040,ADMU,DLSU,1,8,3,7,M. Nieto,2,jump shot,2018.11.11,SAC,2
7041,ADMU,DLSU,0,-8,0,7,M. Nieto,2,jump shot,2018.11.11,SAC,0
7042,ADMU,DLSU,1,-7,2,34,A. Kouame,2,jump shot,2018.11.11,SAC,2
7043,ADMU,DLSU,0,-10,82,10,J. Mendoza,3,jump shot,2018.11.11,SAC,0
7044,ADMU,DLSU,1,-9,4,34,A. Kouame,2,jump shot,2018.11.11,SAC,2
7045,ADMU,DLSU,1,4,-2,0,T. Ravena,2,lay up,2018.11.11,SAC,2
7046,ADMU,DLSU,1,63,43,0,T. Ravena,3,jump shot,2018.11.11,SAC,3
7047,ADMU,DLSU,0,-2,6,34,A. Kouame,2,jump shot,2018.11.11,SAC,0
7048,ADMU,DLSU,0,0,3,34,A. Kouame,2,jump shot,2018.11.11,SAC,0
7049,ADMU,DLSU,0,74,-2,4,A. Asistio,3,jump shot,2018.11.11,SAC,0
7050,ADMU,DLSU,0,26,24,0,T. Ravena,2,jump shot,2018.11.11,SAC,0
7051,ADMU,UST,1,-13,16,34,A. Kouame,2,jump shot,2018.11.14,MOA,2
7052,ADMU,UST,1,27,17,0,T. Ravena,2,jump shot,2018.11.14,MOA,2
7053,ADMU,UST,0,51,74,4,A. Asistio,3,jump shot,2018.11.14,MOA,0
7054,ADMU,UST,0,60,41,0,T. Ravena,3,jump shot,2018.11.14,MOA,0
7055,ADMU,UST,1,-6,8,34,A. Kouame,2,lay up,2018.11.14,MOA,2
7056,ADMU,UST,0,16,4,0,T. Ravena,2,jump shot,2018.11.14,MOA,0
7057,ADMU,UST,1,9,9,22,R. Verano,2,lay up,2018.11.14,MOA,2
7058,ADMU,UST,1,67,32,4,A. Asistio,3,jump shot,2018.11.14,MOA,3
7059,ADMU,UST,1,-22,13,34,A. Kouame,2,jump shot,2018.11.14,MOA,2
7060,ADMU,UST,1,48,56,12,J. Nieto,3,jump shot,2018.11.14,MOA,3
7061,ADMU,UST,1,28,21,13,W. Navarro,2,jump shot,2018.11.14,MOA,2
7062,ADMU,UST,1,0,21,13,W. Navarro,2,jump shot,2018.11.14,MOA,2
7063,ADMU,UST,1,54,51,10,J. Mendoza,3,jump shot,2018.11.14,MOA,3
7064,ADMU,UST,1,-12,6,13,W. Navarro,2,lay up,2018.11.14,MOA,2
7065,ADMU,UST,0,-15,3,7,M. Nieto,2,jump shot,2018.11.14,MOA,0
7066,ADMU,UST,0,35,53,10,J. Mendoza,2,jump shot,2018.11.14,MOA,0
7067,ADMU,UST,1,0,2,11,I. Go,2,tip in,2018.11.14,MOA,2
7068,ADMU,UST,1,-2,23,7,M. Nieto,2,jump shot,2018.11.14,MOA,2
7069,ADMU,UST,1,12,12,13,W. Navarro,2,jump shot,2018.11.14,MOA,2
7070,ADMU,UST,0,-36,65,27,S. Belangel,3,jump shot,2018.11.14,MOA,0
7071,ADMU,UST,1,-60,39,7,M. Nieto,3,jump shot,2018.11.14,MOA,3
7072,ADMU,UST,0,37,73,8,A. Black,3,jump shot,2018.11.14,MOA,0
7073,ADMU,UST,1,0,2,11,I. Go,2,tip in,2018.11.14,MOA,2
7074,ADMU,UST,1,-40,65,10,J. Mendoza,3,jump shot,2018.11.14,MOA,3
7075,ADMU,UST,0,-14,14,8,A. Black,2,jump shot,2018.11.14,MOA,0
7076,ADMU,UST,1,-67,11,27,S. Belangel,3,jump shot,2018.11.14,MOA,3
7077,ADMU,UST,0,12,6,2,B. Andrade,2,jump shot,2018.11.14,MOA,0
7078,ADMU,UST,0,6,74,27,S. Belangel,3,jump shot,2018.11.14,MOA,0
7079,ADMU,UST,0,23,80,3,A. Wong,3,jump shot,2018.11.14,MOA,0
7080,ADMU,UST,0,-52,55,12,J. Nieto,3,jump shot,2018.11.14,MOA,0
7081,ADMU,UST,0,59,43,3,A. Wong,3,jump shot,2018.11.14,MOA,0
7082,ADMU,UST,1,-33,70,2,B. Andrade,3,jump shot,2018.11.14,MOA,3
7083,ADMU,UST,0,22,10,2,B. Andrade,2,jump shot,2018.11.14,MOA,0
7084,ADMU,UST,1,0,25,12,J. Nieto,2,jump shot,2018.11.14,MOA,2
7085,ADMU,UST,0,25,71,2,B. Andrade,3,jump shot,2018.11.14,MOA,0
7086,ADMU,UST,0,-67,21,3,A. Wong,3,jump shot,2018.11.14,MOA,0
7087,ADMU,UST,0,34,44,12,J. Nieto,2,jump shot,2018.11.14,MOA,0
7088,ADMU,UST,0,-45,58,34,A. Kouame,3,jump shot,2018.11.14,MOA,0
7089,ADMU,UST,1,-8,14,34,A. Kouame,2,jump shot,2018.11.14,MOA,2
7090,ADMU,UST,1,-1,10,34,A. Kouame,2,jump shot,2018.11.14,MOA,2
7091,ADMU,UST,0,32,23,22,R. Verano,2,jump shot,2018.11.14,MOA,0
7092,ADMU,UST,0,-54,49,12,J. Nieto,3,jump shot,2018.11.14,MOA,0
7093,ADMU,UST,1,-42,9,22,R. Verano,2,jump shot,2018.11.14,MOA,2
7094,ADMU,UST,0,17,8,0,T. Ravena,2,jump shot,2018.11.14,MOA,0
7095,ADMU,UST,0,-37,63,34,A. Kouame,3,jump shot,2018.11.14,MOA,0
7096,ADMU,UST,1,-1,2,34,A. Kouame,2,jump shot,2018.11.14,MOA,2
7097,ADMU,UST,0,8,12,22,R. Verano,2,jump shot,2018.11.14,MOA,0
7098,ADMU,UST,0,0,15,34,A. Kouame,2,jump shot,2018.11.14,MOA,0
7099,ADMU,UST,1,0,1,34,A. Kouame,2,tip in,2018.11.14,MOA,2
7100,ADMU,UST,1,-68,26,4,A. Asistio,3,jump shot,2018.11.14,MOA,3
7101,ADMU,UST,0,-16,75,34,A. Kouame,3,jump shot,2018.11.14,MOA,0
7102,ADMU,UST,1,5,5,0,T. Ravena,2,jump shot,2018.11.14,MOA,2
7103,ADMU,UST,1,11,7,34,A. Kouame,2,jump shot,2018.11.14,MOA,2
7104,ADMU,UST,0,32,64,19,T. Tio,3,jump shot,2018.11.14,MOA,0
7105,ADMU,UST,1,-11,13,13,W. Navarro,2,lay up,2018.11.14,MOA,2
7106,ADMU,UST,0,1,74,11,I. Go,3,jump shot,2018.11.14,MOA,0
7107,ADMU,UST,0,-52,53,11,I. Go,3,jump shot,2018.11.14,MOA,0
7108,ADMU,UST,1,0,0,13,W. Navarro,2,dunk,2018.11.14,MOA,2
7109,ADMU,UST,0,70,5,10,J. Mendoza,3,jump shot,2018.11.14,MOA,0
7110,ADMU,UST,1,0,1,13,W. Navarro,2,tip in,2018.11.14,MOA,2
7111,ADMU,UST,0,-37,87,10,J. Mendoza,3,jump shot,2018.11.14,MOA,0
7112,ADMU,UST,0,53,52,3,A. Wong,3,jump shot,2018.11.14,MOA,0
7113,ADMU,UST,1,8,13,11,I. Go,2,jump shot,2018.11.14,MOA,2
7114,ADMU,UST,0,62,42,3,A. Wong,3,jump shot,2018.11.14,MOA,0
7115,ADMU,UST,1,-67,18,10,J. Mendoza,3,jump shot,2018.11.14,MOA,3
7116,ADMU,UST,0,-39,28,27,S. Belangel,2,jump shot,2018.11.14,MOA,0
7117,ADMU,UST,0,3,77,3,A. Wong,3,jump shot,2018.11.14,MOA,0
7118,ADMU,UST,0,-59,46,27,S. Belangel,3,jump shot,2018.11.14,MOA,0
7119,ADMU,UST,0,9,15,27,S. Belangel,2,jump shot,2018.11.14,MOA,0
7120,ADMU,UST,1,-55,46,2,B. Andrade,3,jump shot,2018.11.14,MOA,3
7121,ADMU,UST,0,-10,10,8,A. Black,2,jump shot,2018.11.14,MOA,0
7122,ADMU,UST,0,44,61,7,M. Nieto,3,jump shot,2018.11.14,MOA,0
7123,ADMU,UST,1,-4,76,2,B. Andrade,3,jump shot,2018.11.14,MOA,3
7124,ADMU,UST,0,-16,5,8,A. Black,2,jump shot,2018.11.14,MOA,0
7125,ADMU,UST,0,33,72,7,M. Nieto,3,jump shot,2018.11.14,MOA,0
7126,ADMU,UST,0,-21,12,7,M. Nieto,2,jump shot,2018.11.14,MOA,0
7127,ADMU,UST,0,-22,16,27,S. Belangel,2,jump shot,2018.11.14,MOA,0
7128,ADMU,UST,1,0,0,21,M. Daves,2,dunk,2018.11.14,MOA,2
7129,UST,ADMU,0,-8,12,5,R. Subido,2,jump shot,2018.11.14,MOA,0
7130,UST,ADMU,0,-58,52,8,K. Zamora,3,jump shot,2018.11.14,MOA,0
7131,UST,ADMU,0,58,39,5,R. Subido,3,jump shot,2018.11.14,MOA,0
7132,UST,ADMU,0,-15,19,5,R. Subido,2,jump shot,2018.11.14,MOA,0
7133,UST,ADMU,0,13,15,13,Z. Huang,2,jump shot,2018.11.14,MOA,0
7134,UST,ADMU,0,-32,67,2,I. Batalier,3,jump shot,2018.11.14,MOA,0
7135,UST,ADMU,0,-52,59,8,K. Zamora,3,jump shot,2018.11.14,MOA,0
7136,UST,ADMU,0,-42,11,2,I. Batalier,2,jump shot,2018.11.14,MOA,0
7137,UST,ADMU,1,-39,3,6,M. Lee,2,jump shot,2018.11.14,MOA,2
7138,UST,ADMU,1,-19,7,15,T. Agustin,2,lay up,2018.11.14,MOA,2
7139,UST,ADMU,0,-28,30,6,M. Lee,2,jump shot,2018.11.14,MOA,0
7140,UST,ADMU,0,-42,67,6,M. Lee,3,jump shot,2018.11.14,MOA,0
7141,UST,ADMU,1,36,61,15,T. Agustin,3,jump shot,2018.11.14,MOA,3
7142,UST,ADMU,0,68,4,4,M. Bonleon,3,jump shot,2018.11.14,MOA,0
7143,UST,ADMU,1,66,21,5,R. Subido,3,jump shot,2018.11.14,MOA,3
7144,UST,ADMU,0,4,50,11,E. Caunan,2,jump shot,2018.11.14,MOA,0
7145,UST,ADMU,0,-52,55,5,R. Subido,3,jump shot,2018.11.14,MOA,0
7146,UST,ADMU,1,7,12,5,R. Subido,2,lay up,2018.11.14,MOA,2
7147,UST,ADMU,0,14,39,11,E. Caunan,2,jump shot,2018.11.14,MOA,0
7148,UST,ADMU,1,-2,32,13,Z. Huang,2,jump shot,2018.11.14,MOA,2
7149,UST,ADMU,1,-14,19,16,N. Consejo,2,jump shot,2018.11.14,MOA,2
7150,UST,ADMU,1,11,10,7,J. Marcos,2,jump shot,2018.11.14,MOA,2
7151,UST,ADMU,1,3,20,15,T. Agustin,2,lay up,2018.11.14,MOA,2
7152,UST,ADMU,1,10,5,7,J. Marcos,2,jump shot,2018.11.14,MOA,2
7153,UST,ADMU,0,-44,9,6,M. Lee,2,jump shot,2018.11.14,MOA,0
7154,UST,ADMU,0,28,71,8,K. Zamora,3,jump shot,2018.11.14,MOA,0
7155,UST,ADMU,0,-22,36,2,I. Batalier,2,jump shot,2018.11.14,MOA,0
7156,UST,ADMU,1,-11,13,7,J. Marcos,2,jump shot,2018.11.14,MOA,2
7157,UST,ADMU,0,-14,5,7,J. Marcos,2,jump shot,2018.11.14,MOA,0
7158,UST,ADMU,1,13,19,7,J. Marcos,2,jump shot,2018.11.14,MOA,2
7159,UST,ADMU,0,-11,12,7,J. Marcos,2,jump shot,2018.11.14,MOA,0
7160,UST,ADMU,0,-6,24,26,G. Mahinay,2,jump shot,2018.11.14,MOA,0
7161,UST,ADMU,0,-40,60,5,R. Subido,3,jump shot,2018.11.14,MOA,0
7162,UST,ADMU,1,16,38,5,R. Subido,2,jump shot,2018.11.14,MOA,2
7163,UST,ADMU,1,-3,8,26,G. Mahinay,2,jump shot,2018.11.14,MOA,2
7164,UST,ADMU,0,-37,19,2,I. Batalier,2,jump shot,2018.11.14,MOA,0
7165,UST,ADMU,0,-31,39,41,D. Ando,2,jump shot,2018.11.14,MOA,0
7166,UST,ADMU,1,14,62,41,D. Ando,2,jump shot,2018.11.14,MOA,2
7167,UST,ADMU,0,-5,59,41,D. Ando,2,jump shot,2018.11.14,MOA,0
7168,UST,ADMU,0,59,45,5,R. Subido,3,jump shot,2018.11.14,MOA,0
7169,UST,ADMU,1,-19,12,15,T. Agustin,2,jump shot,2018.11.14,MOA,2
7170,UST,ADMU,0,-35,47,15,T. Agustin,2,jump shot,2018.11.14,MOA,0
7171,UST,ADMU,0,-48,49,7,J. Marcos,3,jump shot,2018.11.14,MOA,0
7172,UST,ADMU,0,-27,69,5,R. Subido,3,jump shot,2018.11.14,MOA,0
7173,UST,ADMU,1,13,4,15,T. Agustin,2,jump shot,2018.11.14,MOA,2
7174,UST,ADMU,1,-39,61,5,R. Subido,3,jump shot,2018.11.14,MOA,3
7175,UST,ADMU,0,-59,45,5,R. Subido,3,jump shot,2018.11.14,MOA,0
7176,UST,ADMU,1,0,2,15,T. Agustin,2,tip in,2018.11.14,MOA,2
7177,UST,ADMU,1,-13,8,26,G. Mahinay,2,jump shot,2018.11.14,MOA,2
7178,UST,ADMU,1,58,49,5,R. Subido,3,jump shot,2018.11.14,MOA,3
7179,UST,ADMU,0,-63,33,15,T. Agustin,3,jump shot,2018.11.14,MOA,0
7180,UST,ADMU,0,-9,11,15,T. Agustin,2,jump shot,2018.11.14,MOA,0
7181,UST,ADMU,1,0,2,26,G. Mahinay,2,tip in,2018.11.14,MOA,2
7182,UST,ADMU,1,11,13,7,J. Marcos,2,lay up,2018.11.14,MOA,2
7183,UST,ADMU,1,52,53,5,R. Subido,3,jump shot,2018.11.14,MOA,3
7184,UST,ADMU,0,-43,57,5,R. Subido,3,jump shot,2018.11.14,MOA,0
7185,UST,ADMU,0,45,58,5,R. Subido,3,jump shot,2018.11.14,MOA,0
7186,UP,DLSU,1,14,11,0,B. Akhuetie,2,jump shot,2018.11.14,MOA,2
7187,UP,DLSU,0,7,18,13,J. Manzo,2,jump shot,2018.11.14,MOA,0
7188,UP,DLSU,0,19,18,10,D. Murrell,2,jump shot,2018.11.14,MOA,0
7189,UP,DLSU,1,-19,27,18,P. Desiderio,2,jump shot,2018.11.14,MOA,2
7190,UP,DLSU,1,-17,16,13,J. Manzo,2,jump shot,2018.11.14,MOA,2
7191,UP,DLSU,0,-12,6,10,D. Murrell,2,jump shot,2018.11.14,MOA,0
7192,UP,DLSU,0,64,37,18,P. Desiderio,3,jump shot,2018.11.14,MOA,0
7193,UP,DLSU,0,-9,6,1,Ju. Gomez de Liaño,2,jump shot,2018.11.14,MOA,0
7194,UP,DLSU,1,47,57,6,Ja. Gomez de Liaño,3,jump shot,2018.11.14,MOA,3
7195,UP,DLSU,1,59,42,6,Ja. Gomez de Liaño,3,jump shot,2018.11.14,MOA,3
7196,UP,DLSU,1,54,56,1,Ju. Gomez de Liaño,3,jump shot,2018.11.14,MOA,3
7197,UP,DLSU,0,46,22,20,J. Prado,2,jump shot,2018.11.14,MOA,0
7198,UP,DLSU,1,1,75,1,Ju. Gomez de Liaño,3,jump shot,2018.11.14,MOA,3
7199,UP,DLSU,1,-46,55,11,F. Tungcab,3,jump shot,2018.11.14,MOA,3
7200,UP,DLSU,1,46,28,6,Ja. Gomez de Liaño,2,jump shot,2018.11.14,MOA,2
7201,UP,DLSU,0,-54,50,6,Ja. Gomez de Liaño,3,jump shot,2018.11.14,MOA,0
7202,UP,DLSU,0,31,9,6,Ja. Gomez de Liaño,2,jump shot,2018.11.14,MOA,0
7203,UP,DLSU,1,-34,71,1,Ju. Gomez de Liaño,3,jump shot,2018.11.14,MOA,3
7204,UP,DLSU,0,-16,10,13,J. Manzo,2,jump shot,2018.11.14,MOA,0
7205,UP,DLSU,0,-6,9,0,B. Akhuetie,2,jump shot,2018.11.14,MOA,0
7206,UP,DLSU,1,4,13,0,B. Akhuetie,2,jump shot,2018.11.14,MOA,2
7207,UP,DLSU,0,-69,6,18,P. Desiderio,3,jump shot,2018.11.14,MOA,0
7208,UP,DLSU,0,-9,12,18,P. Desiderio,2,jump shot,2018.11.14,MOA,0
7209,UP,DLSU,1,-7,19,13,J. Manzo,2,jump shot,2018.11.14,MOA,2
7210,UP,DLSU,1,-62,47,1,Ju. Gomez de Liaño,3,jump shot,2018.11.14,MOA,3
7211,UP,DLSU,0,58,45,1,Ju. Gomez de Liaño,3,jump shot,2018.11.14,MOA,0
7212,UP,DLSU,1,8,7,0,B. Akhuetie,2,jump shot,2018.11.14,MOA,2
7213,UP,DLSU,0,-7,17,13,J. Manzo,2,jump shot,2018.11.14,MOA,0
7214,UP,DLSU,1,4,15,0,B. Akhuetie,2,jump shot,2018.11.14,MOA,2
7215,UP,DLSU,1,12,11,19,W. Gozum,2,jump shot,2018.11.14,MOA,2
7216,UP,DLSU,1,17,8,18,P. Desiderio,2,jump shot,2018.11.14,MOA,2
7217,UP,DLSU,1,-9,12,6,Ja. Gomez de Liaño,2,lay up,2018.11.14,MOA,2
7218,UP,DLSU,1,-9,6,5,D. Dario,2,lay up,2018.11.14,MOA,2
7219,UP,DLSU,0,-3,52,19,W. Gozum,2,jump shot,2018.11.14,MOA,0
7220,UP,DLSU,0,-56,46,6,Ja. Gomez de Liaño,3,jump shot,2018.11.14,MOA,0
7221,UP,DLSU,0,-1,17,13,J. Manzo,2,jump shot,2018.11.14,MOA,0
7222,UP,DLSU,1,-69,10,17,F. Jaboneta,3,jump shot,2018.11.14,MOA,3
7223,UP,DLSU,0,-8,16,13,J. Manzo,2,jump shot,2018.11.14,MOA,0
7224,UP,DLSU,1,-11,22,13,J. Manzo,2,jump shot,2018.11.14,MOA,2
7225,UP,DLSU,0,4,44,18,P. Desiderio,2,jump shot,2018.11.14,MOA,0
7226,UP,DLSU,1,70,17,18,P. Desiderio,3,jump shot,2018.11.14,MOA,3
7227,UP,DLSU,0,-43,-5,1,Ju. Gomez de Liaño,2,jump shot,2018.11.14,MOA,0
7228,UP,DLSU,0,14,14,0,B. Akhuetie,2,jump shot,2018.11.14,MOA,0
7229,UP,DLSU,0,12,21,0,B. Akhuetie,2,jump shot,2018.11.14,MOA,0
7230,UP,DLSU,0,43,30,6,Ja. Gomez de Liaño,2,jump shot,2018.11.14,MOA,0
7231,UP,DLSU,0,53,54,18,P. Desiderio,3,jump shot,2018.11.14,MOA,0
7232,UP,DLSU,1,-1,15,12,J. Lim,2,jump shot,2018.11.14,MOA,2
7233,UP,DLSU,1,-15,3,0,B. Akhuetie,2,lay up,2018.11.14,MOA,2
7234,UP,DLSU,0,69,3,5,D. Dario,3,jump shot,2018.11.14,MOA,0
7235,UP,DLSU,0,-3,15,6,Ja. Gomez de Liaño,2,jump shot,2018.11.14,MOA,0
7236,UP,DLSU,1,6,11,6,Ja. Gomez de Liaño,2,jump shot,2018.11.14,MOA,2
7237,UP,DLSU,0,-63,41,15,C. Vito,3,jump shot,2018.11.14,MOA,0
7238,UP,DLSU,0,-19,24,1,Ju. Gomez de Liaño,2,jump shot,2018.11.14,MOA,0
7239,UP,DLSU,1,3,10,20,J. Prado,2,jump shot,2018.11.14,MOA,2
7240,UP,DLSU,0,32,66,18,P. Desiderio,3,jump shot,2018.11.14,MOA,0
7241,UP,DLSU,0,67,18,1,Ju. Gomez de Liaño,3,jump shot,2018.11.14,MOA,0
7242,UP,DLSU,0,-62,43,17,F. Jaboneta,3,jump shot,2018.11.14,MOA,0
7243,UP,DLSU,1,67,10,6,Ja. Gomez de Liaño,3,jump shot,2018.11.14,MOA,3
7244,UP,DLSU,0,20,37,18,P. Desiderio,2,jump shot,2018.11.14,MOA,0
7245,UP,DLSU,1,43,60,6,Ja. Gomez de Liaño,3,jump shot,2018.11.14,MOA,3
7246,UP,DLSU,1,69,8,18,P. Desiderio,3,jump shot,2018.11.14,MOA,3
7247,UP,DLSU,0,-41,62,18,P. Desiderio,3,jump shot,2018.11.14,MOA,0
7248,UP,DLSU,0,-59,49,1,Ju. Gomez de Liaño,3,jump shot,2018.11.14,MOA,0
7249,UP,DLSU,0,11,14,0,B. Akhuetie,2,jump shot,2018.11.14,MOA,0
7250,UP,DLSU,1,2,5,0,B. Akhuetie,2,jump shot,2018.11.14,MOA,2
7251,UP,DLSU,0,59,43,13,J. Manzo,3,jump shot,2018.11.14,MOA,0
7252,UP,DLSU,1,-13,8,0,B. Akhuetie,2,jump shot,2018.11.14,MOA,2
7253,UP,DLSU,1,8,5,1,Ju. Gomez de Liaño,2,jump shot,2018.11.14,MOA,2
7254,UP,DLSU,1,2,14,1,Ju. Gomez de Liaño,2,jump shot,2018.11.14,MOA,2
7255,UP,DLSU,0,-19,13,0,B. Akhuetie,2,jump shot,2018.11.14,MOA,0
7256,UP,DLSU,0,58,52,13,J. Manzo,3,jump shot,2018.11.14,MOA,0
7257,DLSU,UP,0,-35,25,30,A. Caracut,2,jump shot,2018.11.14,MOA,0
7258,DLSU,UP,0,-21,5,11,A. Melecio,2,jump shot,2018.11.14,MOA,0
7259,DLSU,UP,0,-22,24,30,A. Caracut,2,jump shot,2018.11.14,MOA,0
7260,DLSU,UP,0,36,70,19,J. Baltazar,3,jump shot,2018.11.14,MOA,0
7261,DLSU,UP,1,15,17,11,A. Melecio,2,jump shot,2018.11.14,MOA,2
7262,DLSU,UP,1,-1,30,19,J. Baltazar,2,jump shot,2018.11.14,MOA,2
7263,DLSU,UP,1,-21,55,32,B. Bates,2,jump shot,2018.11.14,MOA,2
7264,DLSU,UP,1,-56,53,11,A. Melecio,3,jump shot,2018.11.14,MOA,3
7265,DLSU,UP,1,58,41,11,A. Melecio,3,jump shot,2018.11.14,MOA,3
7266,DLSU,UP,0,-53,16,7,M. Dyke,2,jump shot,2018.11.14,MOA,0
7267,DLSU,UP,0,-15,7,2,K. Samuel,2,jump shot,2018.11.14,MOA,0
7268,DLSU,UP,1,7,9,2,K. Samuel,2,jump shot,2018.11.14,MOA,2
7269,DLSU,UP,1,21,7,30,A. Caracut,2,jump shot,2018.11.14,MOA,2
7270,DLSU,UP,0,-4,9,25,L. Santillian,2,jump shot,2018.11.14,MOA,0
7271,DLSU,UP,0,-43,106,11,A. Melecio,3,jump shot,2018.11.14,MOA,0
7272,DLSU,UP,0,27,25,19,J. Baltazar,2,jump shot,2018.11.14,MOA,0
7273,DLSU,UP,0,17,28,30,A. Caracut,2,jump shot,2018.11.14,MOA,0
7274,DLSU,UP,0,42,30,19,J. Baltazar,2,jump shot,2018.11.14,MOA,0
7275,DLSU,UP,0,20,70,2,K. Samuel,3,jump shot,2018.11.14,MOA,0
7276,DLSU,UP,1,-18,8,15,K. Montalbo,2,jump shot,2018.11.14,MOA,2
7277,DLSU,UP,1,-21,4,2,K. Samuel,2,jump shot,2018.11.14,MOA,2
7278,DLSU,UP,1,13,17,19,J. Baltazar,2,jump shot,2018.11.14,MOA,2
7279,DLSU,UP,0,-62,46,18,F. Serrano,3,jump shot,2018.11.14,MOA,0
7280,DLSU,UP,0,-7,14,2,K. Samuel,2,jump shot,2018.11.14,MOA,0
7281,DLSU,UP,1,6,19,19,J. Baltazar,2,jump shot,2018.11.14,MOA,2
7282,DLSU,UP,0,-24,69,11,A. Melecio,3,jump shot,2018.11.14,MOA,0
7283,DLSU,UP,0,-9,24,25,L. Santillian,2,jump shot,2018.11.14,MOA,0
7284,DLSU,UP,0,12,36,19,J. Baltazar,2,jump shot,2018.11.14,MOA,0
7285,DLSU,UP,0,-15,16,15,K. Montalbo,2,jump shot,2018.11.14,MOA,0
7286,DLSU,UP,0,-9,14,11,A. Melecio,2,jump shot,2018.11.14,MOA,0
7287,DLSU,UP,0,-11,107,25,L. Santillian,3,jump shot,2018.11.14,MOA,0
7288,DLSU,UP,1,17,25,19,J. Baltazar,2,jump shot,2018.11.14,MOA,2
7289,DLSU,UP,1,26,34,19,J. Baltazar,2,jump shot,2018.11.14,MOA,2
7290,DLSU,UP,0,40,63,11,A. Melecio,3,jump shot,2018.11.14,MOA,0
7291,DLSU,UP,0,-29,24,11,A. Melecio,2,jump shot,2018.11.14,MOA,0
7292,DLSU,UP,0,17,78,11,A. Melecio,3,jump shot,2018.11.14,MOA,0
7293,DLSU,UP,1,17,74,30,A. Caracut,3,jump shot,2018.11.14,MOA,3
7294,DLSU,UP,1,-12,10,11,A. Melecio,2,lay up,2018.11.14,MOA,2
7295,DLSU,UP,0,43,70,30,A. Caracut,3,jump shot,2018.11.14,MOA,0
7296,DLSU,UP,1,4,12,30,A. Caracut,2,jump shot,2018.11.14,MOA,2
7297,DLSU,UP,1,-8,18,2,K. Samuel,2,jump shot,2018.11.14,MOA,2
7298,DLSU,UP,0,-29,15,15,K. Montalbo,2,jump shot,2018.11.14,MOA,0
7299,DLSU,UP,1,-15,25,30,A. Caracut,2,jump shot,2018.11.14,MOA,2
7300,DLSU,UP,1,30,41,30,A. Caracut,2,jump shot,2018.11.14,MOA,2
7301,DLSU,UP,0,48,11,11,A. Melecio,2,jump shot,2018.11.14,MOA,0
7302,DLSU,UP,0,21,14,18,F. Serrano,2,jump shot,2018.11.14,MOA,0
7303,DLSU,UP,0,-4,10,25,L. Santillian,2,jump shot,2018.11.14,MOA,0
7304,DLSU,UP,0,-56,47,30,A. Caracut,3,jump shot,2018.11.14,MOA,0
7305,DLSU,UP,1,-14,9,11,A. Melecio,2,lay up,2018.11.14,MOA,2
7306,DLSU,UP,1,-2,79,25,L. Santillian,3,jump shot,2018.11.14,MOA,3
7307,DLSU,UP,0,-36,71,11,A. Melecio,3,jump shot,2018.11.14,MOA,0
7308,DLSU,UP,0,-43,6,11,A. Melecio,2,jump shot,2018.11.14,MOA,0
7309,DLSU,UP,1,16,12,18,F. Serrano,2,jump shot,2018.11.14,MOA,2
7310,DLSU,UP,1,10,17,2,K. Samuel,2,jump shot,2018.11.14,MOA,2
7311,DLSU,UP,0,68,23,18,F. Serrano,3,jump shot,2018.11.14,MOA,0
7312,DLSU,UP,1,-19,7,19,J. Baltazar,2,lay up,2018.11.14,MOA,2
7313,DLSU,UP,0,-6,77,2,K. Samuel,3,jump shot,2018.11.14,MOA,0
7314,DLSU,UP,0,-46,6,19,J. Baltazar,2,jump shot,2018.11.14,MOA,0
7315,DLSU,UP,0,5,75,25,L. Santillian,3,jump shot,2018.11.14,MOA,0
7316,DLSU,UP,1,-32,45,19,J. Baltazar,2,jump shot,2018.11.14,MOA,2
7317,DLSU,UP,0,52,53,30,A. Caracut,3,jump shot,2018.11.14,MOA,0
7318,DLSU,UP,0,11,11,30,A. Caracut,2,jump shot,2018.11.14,MOA,0
7319,DLSU,UP,1,-6,14,25,L. Santillian,2,lay up,2018.11.14,MOA,2
7320,DLSU,UP,1,-9,50,11,A. Melecio,2,jump shot,2018.11.14,MOA,2
7321,DLSU,UP,1,8,10,19,J. Baltazar,2,lay up,2018.11.14,MOA,2
7322,DLSU,UP,1,62,43,15,K. Montalbo,3,jump shot,2018.11.14,MOA,3
7323,DLSU,UP,0,47,61,15,K. Montalbo,3,jump shot,2018.11.14,MOA,0
7324,DLSU,UP,0,24,18,25,L. Santillian,2,jump shot,2018.11.14,MOA,0
7325,DLSU,UP,1,-11,9,19,J. Baltazar,2,jump shot,2018.11.14,MOA,2
7326,DLSU,UP,1,10,39,18,F. Serrano,2,jump shot,2018.11.14,MOA,2
7327,DLSU,UP,1,-53,60,11,A. Melecio,3,jump shot,2018.11.14,MOA,3
7328,NU,UE,1,6,4,13,M. Aquino,2,jump shot,2018.11.18,MOA,2
7329,NU,UE,1,-69,-1,15,D. Yu,3,jump shot,2018.11.18,MOA,3
7330,NU,UE,0,72,-2,15,D. Yu,3,jump shot,2018.11.18,MOA,0
7331,NU,UE,0,-3,5,0,S. Ildefonso,2,jump shot,2018.11.18,MOA,0
7332,NU,UE,0,-4,-2,0,S. Ildefonso,2,jump shot,2018.11.18,MOA,0
7333,NU,UE,0,-72,4,1,D. Ildefonso,3,jump shot,2018.11.18,MOA,0
7334,NU,UE,1,-11,4,0,S. Ildefonso,2,jump shot,2018.11.18,MOA,2
7335,NU,UE,1,68,-6,15,D. Yu,3,jump shot,2018.11.18,MOA,3
7336,NU,UE,0,-36,-14,9,J. Clemente,2,jump shot,2018.11.18,MOA,0
7337,NU,UE,0,59,50,13,M. Aquino,3,jump shot,2018.11.18,MOA,0
7338,NU,UE,0,-55,5,15,D. Yu,2,jump shot,2018.11.18,MOA,0
7339,NU,UE,0,-72,2,1,D. Ildefonso,3,jump shot,2018.11.18,MOA,0
7340,NU,UE,1,-9,2,0,S. Ildefonso,2,jump shot,2018.11.18,MOA,2
7341,NU,UE,0,58,46,9,J. Clemente,3,jump shot,2018.11.18,MOA,0
7342,NU,UE,1,73,-1,1,D. Ildefonso,3,jump shot,2018.11.18,MOA,3
7343,NU,UE,0,-3,-7,9,J. Clemente,2,jump shot,2018.11.18,MOA,0
7344,NU,UE,0,-3,6,13,M. Aquino,2,jump shot,2018.11.18,MOA,0
7345,NU,UE,0,2,2,0,S. Ildefonso,2,jump shot,2018.11.18,MOA,0
7346,NU,UE,1,55,66,5,A. Diputado,3,jump shot,2018.11.18,MOA,3
7347,NU,UE,0,71,99,14,J. Galinato,3,jump shot,2018.11.18,MOA,0
7348,NU,UE,0,57,62,23,R. Morido,3,jump shot,2018.11.18,MOA,0
7349,NU,UE,1,42,30,21,T. Rike,2,jump shot,2018.11.18,MOA,2
7350,NU,UE,1,34,34,10,I. Gaye,2,jump shot,2018.11.18,MOA,2
7351,NU,UE,0,9,4,23,R. Morido,2,jump shot,2018.11.18,MOA,0
7352,NU,UE,0,19,24,14,J. Galinato,2,jump shot,2018.11.18,MOA,0
7353,NU,UE,0,-69,0,23,R. Morido,3,jump shot,2018.11.18,MOA,0
7354,NU,UE,1,4,0,10,I. Gaye,2,lay up,2018.11.18,MOA,2
7355,NU,UE,0,37,6,5,A. Diputado,2,jump shot,2018.11.18,MOA,0
7356,NU,UE,1,41,43,21,T. Rike,2,jump shot,2018.11.18,MOA,2
7357,NU,UE,1,15,5,5,A. Diputado,2,jump shot,2018.11.18,MOA,2
7358,NU,UE,1,43,37,21,T. Rike,2,jump shot,2018.11.18,MOA,2
7359,NU,UE,0,-5,75,21,T. Rike,3,jump shot,2018.11.18,MOA,0
7360,NU,UE,1,-36,36,21,T. Rike,2,jump shot,2018.11.18,MOA,2
7361,NU,UE,0,-10,26,27,J. Tibayan,2,jump shot,2018.11.18,MOA,0
7362,NU,UE,0,16,7,9,J. Clemente,2,jump shot,2018.11.18,MOA,0
7363,NU,UE,0,13,1,8,A. Joson,2,jump shot,2018.11.18,MOA,0
7364,NU,UE,1,12,2,27,J. Tibayan,2,jump shot,2018.11.18,MOA,2
7365,NU,UE,1,-53,18,21,T. Rike,2,jump shot,2018.11.18,MOA,2
7366,NU,UE,0,-7,22,29,M. Malonzo,2,jump shot,2018.11.18,MOA,0
7367,NU,UE,1,-13,-2,7,M. Salim,2,jump shot,2018.11.18,MOA,2
7368,NU,UE,0,32,-13,9,J. Clemente,3,jump shot,2018.11.18,MOA,0
7369,NU,UE,0,53,72,15,D. Yu,3,jump shot,2018.11.18,MOA,0
7370,NU,UE,0,21,5,15,D. Yu,2,jump shot,2018.11.18,MOA,0
7371,NU,UE,0,44,10,1,D. Ildefonso,2,jump shot,2018.11.18,MOA,0
7372,NU,UE,0,70,38,9,J. Clemente,3,jump shot,2018.11.18,MOA,0
7373,NU,UE,0,-20,-1,0,S. Ildefonso,2,jump shot,2018.11.18,MOA,0
7374,NU,UE,1,-9,3,13,M. Aquino,2,lay up,2018.11.18,MOA,2
7375,NU,UE,1,7,0,1,D. Ildefonso,2,jump shot,2018.11.18,MOA,2
7376,NU,UE,0,2,10,9,J. Clemente,2,jump shot,2018.11.18,MOA,0
7377,NU,UE,0,-11,4,9,J. Clemente,2,jump shot,2018.11.18,MOA,0
7378,NU,UE,0,31,35,15,D. Yu,2,jump shot,2018.11.18,MOA,0
7379,NU,UE,0,-2,32,5,A. Diputado,2,jump shot,2018.11.18,MOA,0
7380,NU,UE,1,-35,50,21,T. Rike,2,jump shot,2018.11.18,MOA,2
7381,NU,UE,1,3,0,10,I. Gaye,2,jump shot,2018.11.18,MOA,2
7382,NU,UE,0,39,27,10,I. Gaye,2,jump shot,2018.11.18,MOA,0
7383,NU,UE,1,-4,-2,21,T. Rike,2,jump shot,2018.11.18,MOA,2
7384,NU,UE,0,65,55,9,J. Clemente,3,jump shot,2018.11.18,MOA,0
7385,NU,UE,0,29,4,9,J. Clemente,2,jump shot,2018.11.18,MOA,0
7386,NU,UE,0,67,-10,21,T. Rike,3,jump shot,2018.11.18,MOA,0
7387,NU,UE,0,22,77,1,D. Ildefonso,3,jump shot,2018.11.18,MOA,0
7388,NU,UE,0,0,0,10,I. Gaye,2,jump shot,2018.11.18,MOA,0
7389,NU,UE,0,17,7,10,I. Gaye,2,jump shot,2018.11.18,MOA,0
7390,NU,UE,0,-4,2,7,M. Salim,2,jump shot,2018.11.18,MOA,0
7391,NU,UE,1,-51,3,9,J. Clemente,2,jump shot,2018.11.18,MOA,2
7392,NU,UE,1,5,62,21,T. Rike,2,jump shot,2018.11.18,MOA,2
7393,NU,UE,0,8,2,7,M. Salim,2,jump shot,2018.11.18,MOA,0
7394,NU,UE,0,-7,14,9,J. Clemente,2,jump shot,2018.11.18,MOA,0
7395,NU,UE,1,-50,69,7,M. Salim,3,jump shot,2018.11.18,MOA,3
7396,NU,UE,0,61,70,5,A. Diputado,3,jump shot,2018.11.18,MOA,0
7397,NU,UE,0,41,66,21,T. Rike,3,jump shot,2018.11.18,MOA,0
7398,NU,UE,1,10,-5,13,M. Aquino,2,jump shot,2018.11.18,MOA,2
7399,NU,UE,1,-6,5,0,S. Ildefonso,2,lay up,2018.11.18,MOA,2
7400,UE,NU,1,3,4,5,L. Guion,2,lay up,2018.11.18,MOA,2
7401,UE,NU,1,-1,2,9,J. Varilla,2,lay up,2018.11.18,MOA,2
7402,UE,NU,0,-3,9,18,P. Manalang,2,jump shot,2018.11.18,MOA,0
7403,UE,NU,0,-3,9,21,W. Bartolome,2,jump shot,2018.11.18,MOA,0
7404,UE,NU,0,11,57,84,R. Gallardo,2,jump shot,2018.11.18,MOA,0
7405,UE,NU,1,-4,0,18,P. Manalang,2,jump shot,2018.11.18,MOA,2
7406,UE,NU,0,-7,-1,5,L. Guion,2,jump shot,2018.11.18,MOA,0
7407,UE,NU,1,1,3,21,W. Bartolome,2,jump shot,2018.11.18,MOA,2
7408,UE,NU,0,-8,9,21,W. Bartolome,2,jump shot,2018.11.18,MOA,0
7409,UE,NU,0,5,20,18,P. Manalang,2,jump shot,2018.11.18,MOA,0
7410,UE,NU,1,59,44,23,A. Pasaol,3,jump shot,2018.11.18,MOA,3
7411,UE,NU,0,63,51,23,A. Pasaol,3,jump shot,2018.11.18,MOA,0
7412,UE,NU,0,-2,13,17,R. Acuno,2,jump shot,2018.11.18,MOA,0
7413,UE,NU,0,-5,2,17,R. Acuno,2,jump shot,2018.11.18,MOA,0
7414,UE,NU,0,-5,-7,26,J. Cullar,2,jump shot,2018.11.18,MOA,0
7415,UE,NU,1,-9,0,23,A. Pasaol,2,lay up,2018.11.18,MOA,2
7416,UE,NU,0,-73,-4,26,J. Cullar,3,jump shot,2018.11.18,MOA,0
7417,UE,NU,0,67,-2,9,J. Varilla,3,jump shot,2018.11.18,MOA,0
7418,UE,NU,1,-64,54,9,J. Varilla,3,jump shot,2018.11.18,MOA,3
7419,UE,NU,0,14,4,18,P. Manalang,2,jump shot,2018.11.18,MOA,0
7420,UE,NU,0,5,-1,23,A. Pasaol,2,jump shot,2018.11.18,MOA,0
7421,UE,NU,0,11,48,13,J. Strait,2,jump shot,2018.11.18,MOA,0
7422,UE,NU,0,-35,3,21,W. Bartolome,2,jump shot,2018.11.18,MOA,0
7423,UE,NU,1,-13,2,23,A. Pasaol,2,jump shot,2018.11.18,MOA,2
7424,UE,NU,1,-57,65,23,A. Pasaol,3,jump shot,2018.11.18,MOA,3
7425,UE,NU,0,9,-7,21,W. Bartolome,2,jump shot,2018.11.18,MOA,0
7426,UE,NU,0,74,4,2,M. Maloles,3,jump shot,2018.11.18,MOA,0
7427,UE,NU,0,36,27,9,J. Varilla,2,jump shot,2018.11.18,MOA,0
7428,UE,NU,1,55,58,1,C. Conner,3,jump shot,2018.11.18,MOA,3
7429,UE,NU,0,59,69,18,P. Manalang,3,jump shot,2018.11.18,MOA,0
7430,UE,NU,1,9,-3,1,C. Conner,2,lay up,2018.11.18,MOA,2
7431,UE,NU,0,-10,-2,9,J. Varilla,2,jump shot,2018.11.18,MOA,0
7432,UE,NU,0,-62,54,1,C. Conner,3,jump shot,2018.11.18,MOA,0
7433,UE,NU,0,-40,76,23,A. Pasaol,3,jump shot,2018.11.18,MOA,0
7434,UE,NU,1,12,5,17,R. Acuno,2,jump shot,2018.11.18,MOA,2
7435,UE,NU,0,-12,-2,23,A. Pasaol,2,jump shot,2018.11.18,MOA,0
7436,UE,NU,1,4,0,1,C. Conner,2,lay up,2018.11.18,MOA,2
7437,UE,NU,0,15,0,23,A. Pasaol,2,jump shot,2018.11.18,MOA,0
7438,UE,NU,0,8,37,26,J. Cullar,2,jump shot,2018.11.18,MOA,0
7439,UE,NU,0,-37,16,17,R. Acuno,2,jump shot,2018.11.18,MOA,0
7440,UE,NU,0,-54,60,9,J. Varilla,3,jump shot,2018.11.18,MOA,0
7441,UE,NU,0,1,-1,23,A. Pasaol,2,jump shot,2018.11.18,MOA,0
7442,UE,NU,0,-2,3,18,P. Manalang,2,jump shot,2018.11.18,MOA,0
7443,UE,NU,0,14,36,18,P. Manalang,2,jump shot,2018.11.18,MOA,0
7444,UE,NU,1,-12,5,9,J. Varilla,2,jump shot,2018.11.18,MOA,2
7445,UE,NU,1,-1,-3,23,A. Pasaol,2,jump shot,2018.11.18,MOA,2
7446,UE,NU,1,70,68,1,C. Conner,3,jump shot,2018.11.18,MOA,3
7447,UE,NU,1,-63,38,18,P. Manalang,3,jump shot,2018.11.18,MOA,3
7448,UE,NU,0,-34,13,21,W. Bartolome,2,jump shot,2018.11.18,MOA,0
7449,UE,NU,0,63,55,1,C. Conner,3,jump shot,2018.11.18,MOA,0
7450,UE,NU,0,-1,0,1,C. Conner,2,jump shot,2018.11.18,MOA,0
7451,UE,NU,0,-3,0,23,A. Pasaol,2,jump shot,2018.11.18,MOA,0
7452,UE,NU,0,-2,8,1,C. Conner,2,jump shot,2018.11.18,MOA,0
7453,UE,NU,1,-25,11,18,P. Manalang,2,jump shot,2018.11.18,MOA,2
7454,UE,NU,0,64,53,18,P. Manalang,3,jump shot,2018.11.18,MOA,0
7455,UE,NU,0,0,9,23,A. Pasaol,2,jump shot,2018.11.18,MOA,0
7456,UE,NU,0,46,71,9,J. Varilla,3,jump shot,2018.11.18,MOA,0
7457,UE,NU,0,9,5,84,R. Gallardo,2,jump shot,2018.11.18,MOA,0
7458,UE,NU,0,21,31,84,R. Gallardo,2,jump shot,2018.11.18,MOA,0
7459,UE,NU,1,-11,-2,9,J. Varilla,2,jump shot,2018.11.18,MOA,2
7460,UE,NU,0,60,54,23,A. Pasaol,3,jump shot,2018.11.18,MOA,0
7461,UE,NU,0,3,2,23,A. Pasaol,2,jump shot,2018.11.18,MOA,0
7462,UE,NU,1,38,-2,17,R. Acuno,2,jump shot,2018.11.18,MOA,2
7463,UE,NU,0,22,85,26,J. Cullar,3,jump shot,2018.11.18,MOA,0
7464,UE,NU,0,9,6,1,C. Conner,2,jump shot,2018.11.18,MOA,0
7465,UE,NU,1,33,16,17,R. Acuno,2,jump shot,2018.11.18,MOA,2
7466,UE,NU,0,-3,3,23,A. Pasaol,2,jump shot,2018.11.18,MOA,0
7467,UE,NU,0,14,11,23,A. Pasaol,2,jump shot,2018.11.18,MOA,0
7468,UE,NU,1,5,3,23,A. Pasaol,2,jump shot,2018.11.18,MOA,2
7469,UE,NU,0,32,63,9,J. Varilla,3,jump shot,2018.11.18,MOA,0
7470,UE,NU,0,2,0,17,R. Acuno,2,jump shot,2018.11.18,MOA,0
7471,UE,NU,0,72,-8,1,C. Conner,3,jump shot,2018.11.18,MOA,0
7472,UE,NU,0,-1,6,1,C. Conner,2,jump shot,2018.11.18,MOA,0
7473,UE,NU,1,8,4,23,A. Pasaol,2,jump shot,2018.11.18,MOA,2
7474,UE,NU,1,70,-7,1,C. Conner,3,jump shot,2018.11.18,MOA,3
7475,UE,NU,0,-67,-2,1,C. Conner,3,jump shot,2018.11.18,MOA,0
7476,UE,NU,1,-4,0,17,R. Acuno,2,jump shot,2018.11.18,MOA,2
7477,UE,NU,0,59,45,1,C. Conner,3,jump shot,2018.11.18,MOA,0
7478,UE,NU,0,-6,-4,17,R. Acuno,2,jump shot,2018.11.18,MOA,0
7479,UE,NU,1,1,-3,23,A. Pasaol,2,jump shot,2018.11.18,MOA,2
7480,UE,NU,1,-5,7,17,R. Acuno,2,jump shot,2018.11.18,MOA,2
7481,UE,NU,0,14,8,17,R. Acuno,2,jump shot,2018.11.18,MOA,0
7482,UE,NU,0,3,1,1,C. Conner,2,jump shot,2018.11.18,MOA,0
7483,UE,NU,0,3,-3,18,P. Manalang,2,jump shot,2018.11.18,MOA,0
7484,UE,NU,0,17,4,17,R. Acuno,2,jump shot,2018.11.18,MOA,0
7485,UE,NU,1,-70,-5,1,C. Conner,3,jump shot,2018.11.18,MOA,3
7486,UE,NU,1,-67,-3,1,C. Conner,3,jump shot,2018.11.18,MOA,3
7487,UE,NU,0,73,73,18,P. Manalang,3,jump shot,2018.11.18,MOA,0
7488,UE,NU,1,-2,2,23,A. Pasaol,2,jump shot,2018.11.18,MOA,2
7489,UE,NU,0,39,23,1,C. Conner,2,jump shot,2018.11.18,MOA,0
7490,UE,NU,0,-71,-5,23,A. Pasaol,3,jump shot,2018.11.18,MOA,0
7491,FEU,ADU,1,-8,3,41,A. Tolentino,2,jump shot,2018.11.18,MOA,2
7492,FEU,ADU,0,0,4,20,K. Tuffin,2,jump shot,2018.11.18,MOA,0
7493,FEU,ADU,1,-54,-3,20,K. Tuffin,2,jump shot,2018.11.18,MOA,2
7494,FEU,ADU,0,-62,63,3,J. Parker,3,jump shot,2018.11.18,MOA,0
7495,FEU,ADU,0,11,19,17,P. Orizu,2,jump shot,2018.11.18,MOA,0
7496,FEU,ADU,1,0,8,3,J. Parker,2,lay up,2018.11.18,MOA,2
7497,FEU,ADU,0,2,9,41,A. Tolentino,2,jump shot,2018.11.18,MOA,0
7498,FEU,ADU,0,4,3,2,A. Stockton,2,jump shot,2018.11.18,MOA,0
7499,FEU,ADU,0,48,58,41,A. Tolentino,3,jump shot,2018.11.18,MOA,0
7500,FEU,ADU,0,7,20,17,P. Orizu,2,jump shot,2018.11.18,MOA,0
7501,FEU,ADU,1,71,31,10,W. Comboy,3,jump shot,2018.11.18,MOA,3
7502,FEU,ADU,1,-8,-2,17,P. Orizu,2,jump shot,2018.11.18,MOA,2
7503,FEU,ADU,0,11,13,9,H. Cani,2,jump shot,2018.11.18,MOA,0
7504,FEU,ADU,1,69,-6,10,W. Comboy,3,jump shot,2018.11.18,MOA,3
7505,FEU,ADU,1,19,-11,8,B. Ebona,2,lay up,2018.11.18,MOA,2
7506,FEU,ADU,0,3,-9,9,H. Cani,2,jump shot,2018.11.18,MOA,0
7507,FEU,ADU,1,6,40,9,H. Cani,2,jump shot,2018.11.18,MOA,2
7508,FEU,ADU,1,-13,33,10,W. Comboy,2,jump shot,2018.11.18,MOA,2
7509,FEU,ADU,0,5,-2,5,A. Inigo,2,jump shot,2018.11.18,MOA,0
7510,FEU,ADU,1,6,0,9,H. Cani,2,lay up,2018.11.18,MOA,2
7511,FEU,ADU,1,73,0,15,B. Bienes,3,jump shot,2018.11.18,MOA,3
7512,FEU,ADU,0,-61,36,15,B. Bienes,3,jump shot,2018.11.18,MOA,0
7513,FEU,ADU,1,61,62,41,A. Tolentino,3,jump shot,2018.11.18,MOA,3
7514,FEU,ADU,1,-69,-2,20,K. Tuffin,3,jump shot,2018.11.18,MOA,3
7515,FEU,ADU,1,4,0,2,A. Stockton,2,lay up,2018.11.18,MOA,2
7516,FEU,ADU,1,51,68,41,A. Tolentino,3,jump shot,2018.11.18,MOA,3
7517,FEU,ADU,1,63,59,3,J. Parker,3,jump shot,2018.11.18,MOA,3
7518,FEU,ADU,0,-5,-7,3,J. Parker,2,jump shot,2018.11.18,MOA,0
7519,FEU,ADU,1,-2,-1,3,J. Parker,2,jump shot,2018.11.18,MOA,2
7520,FEU,ADU,0,56,56,21,R. Escoto,3,jump shot,2018.11.18,MOA,0
7521,FEU,ADU,0,11,0,17,P. Orizu,2,jump shot,2018.11.18,MOA,0
7522,FEU,ADU,0,-1,-7,41,A. Tolentino,2,jump shot,2018.11.18,MOA,0
7523,FEU,ADU,0,-14,10,41,A. Tolentino,2,jump shot,2018.11.18,MOA,0
7524,FEU,ADU,0,-18,5,2,A. Stockton,2,jump shot,2018.11.18,MOA,0
7525,FEU,ADU,1,1,4,2,A. Stockton,2,lay up,2018.11.18,MOA,2
7526,FEU,ADU,1,-17,36,2,A. Stockton,2,jump shot,2018.11.18,MOA,2
7527,FEU,ADU,1,69,-7,9,H. Cani,3,jump shot,2018.11.18,MOA,3
7528,FEU,ADU,0,54,-12,3,J. Parker,2,jump shot,2018.11.18,MOA,0
7529,FEU,ADU,1,9,13,20,K. Tuffin,2,jump shot,2018.11.18,MOA,2
7530,FEU,ADU,1,-47,63,9,H. Cani,3,jump shot,2018.11.18,MOA,3
7531,FEU,ADU,1,-15,22,5,A. Inigo,2,jump shot,2018.11.18,MOA,2
7532,FEU,ADU,0,43,62,10,W. Comboy,3,jump shot,2018.11.18,MOA,0
7533,FEU,ADU,1,-5,8,21,R. Escoto,2,jump shot,2018.11.18,MOA,2
7534,FEU,ADU,0,-56,57,21,R. Escoto,3,jump shot,2018.11.18,MOA,0
7535,FEU,ADU,1,-72,0,10,W. Comboy,3,jump shot,2018.11.18,MOA,3
7536,FEU,ADU,1,-63,43,11,R. Ramirez,3,jump shot,2018.11.18,MOA,3
7537,FEU,ADU,0,-10,-3,11,R. Ramirez,2,jump shot,2018.11.18,MOA,0
7538,FEU,ADU,0,4,-1,8,B. Ebona,2,jump shot,2018.11.18,MOA,0
7539,FEU,ADU,0,-6,0,8,B. Ebona,2,jump shot,2018.11.18,MOA,0
7540,FEU,ADU,1,-8,0,8,B. Ebona,2,jump shot,2018.11.18,MOA,2
7541,FEU,ADU,0,-9,-10,5,A. Inigo,2,jump shot,2018.11.18,MOA,0
7542,FEU,ADU,0,9,-3,11,R. Ramirez,2,jump shot,2018.11.18,MOA,0
7543,FEU,ADU,0,-4,3,5,A. Inigo,2,jump shot,2018.11.18,MOA,0
7544,FEU,ADU,0,-43,24,15,B. Bienes,2,jump shot,2018.11.18,MOA,0
7545,FEU,ADU,1,-6,0,8,B. Ebona,2,lay up,2018.11.18,MOA,2
7546,FEU,ADU,0,-10,22,0,K. Bayquin,2,jump shot,2018.11.18,MOA,0
7547,FEU,ADU,0,-1,30,1,J. Nunag,2,jump shot,2018.11.18,MOA,0
7548,FEU,ADU,0,1,29,13,L. Gonzales,2,jump shot,2018.11.18,MOA,0
7549,FEU,ADU,1,-58,64,13,L. Gonzales,3,jump shot,2018.11.18,MOA,3
7550,FEU,ADU,0,-72,-7,0,K. Bayquin,3,jump shot,2018.11.18,MOA,0
7551,FEU,ADU,0,-33,-4,0,K. Bayquin,2,jump shot,2018.11.18,MOA,0
7552,FEU,ADU,1,-4,-3,1,J. Nunag,2,lay up,2018.11.18,MOA,2
7553,FEU,ADU,0,2,35,11,R. Ramirez,2,jump shot,2018.11.18,MOA,0
7554,FEU,ADU,1,7,6,23,C. Jopia,2,jump shot,2018.11.18,MOA,2
7555,ADU,FEU,0,21,79,11,J. Espeleta,3,jump shot,2018.11.18,MOA,0
7556,ADU,FEU,0,-69,5,21,P. Sarr,3,jump shot,2018.11.18,MOA,0
7557,ADU,FEU,0,-71,26,19,E. Mojica,3,jump shot,2018.11.18,MOA,0
7558,ADU,FEU,0,10,24,19,E. Mojica,2,jump shot,2018.11.18,MOA,0
7559,ADU,FEU,0,-6,4,7,J. Lastimosa,2,jump shot,2018.11.18,MOA,0
7560,ADU,FEU,0,-11,20,20,K. Bernardo,2,jump shot,2018.11.18,MOA,0
7561,ADU,FEU,0,45,62,7,J. Lastimosa,3,jump shot,2018.11.18,MOA,0
7562,ADU,FEU,1,39,16,21,P. Sarr,2,jump shot,2018.11.18,MOA,2
7563,ADU,FEU,0,-14,2,17,J. Colonia,2,jump shot,2018.11.18,MOA,0
7564,ADU,FEU,0,-5,4,19,E. Mojica,2,jump shot,2018.11.18,MOA,0
7565,ADU,FEU,1,-5,0,10,S. Camacho,2,jump shot,2018.11.18,MOA,2
7566,ADU,FEU,0,71,-10,7,J. Lastimosa,3,jump shot,2018.11.18,MOA,0
7567,ADU,FEU,0,-11,5,10,S. Camacho,2,jump shot,2018.11.18,MOA,0
7568,ADU,FEU,1,12,16,25,K. Zaldivar,2,jump shot,2018.11.18,MOA,2
7569,ADU,FEU,0,-25,21,11,J. Espeleta,2,jump shot,2018.11.18,MOA,0
7570,ADU,FEU,0,-7,-8,25,K. Zaldivar,2,jump shot,2018.11.18,MOA,0
7571,ADU,FEU,0,73,-9,14,J. Pingoy,3,jump shot,2018.11.18,MOA,0
7572,ADU,FEU,0,26,32,28,M. Macion,2,jump shot,2018.11.18,MOA,0
7573,ADU,FEU,1,-30,36,11,J. Espeleta,2,jump shot,2018.11.18,MOA,2
7574,ADU,FEU,1,-37,31,11,J. Espeleta,2,jump shot,2018.11.18,MOA,2
7575,ADU,FEU,0,-32,2,11,J. Espeleta,2,jump shot,2018.11.18,MOA,0
7576,ADU,FEU,0,-47,64,14,J. Pingoy,3,jump shot,2018.11.18,MOA,0
7577,ADU,FEU,0,12,4,28,M. Macion,2,jump shot,2018.11.18,MOA,0
7578,ADU,FEU,0,54,58,7,J. Lastimosa,3,jump shot,2018.11.18,MOA,0
7579,ADU,FEU,0,36,15,21,P. Sarr,2,jump shot,2018.11.18,MOA,0
7580,ADU,FEU,1,30,28,4,C. Catapusan,2,jump shot,2018.11.18,MOA,2
7581,ADU,FEU,0,-15,0,11,J. Espeleta,2,jump shot,2018.11.18,MOA,0
7582,ADU,FEU,0,-5,-4,4,C. Catapusan,2,jump shot,2018.11.18,MOA,0
7583,ADU,FEU,0,-35,66,11,J. Espeleta,3,jump shot,2018.11.18,MOA,0
7584,ADU,FEU,0,-7,3,17,J. Colonia,2,jump shot,2018.11.18,MOA,0
7585,ADU,FEU,1,-5,-3,7,J. Lastimosa,2,lay up,2018.11.18,MOA,2
7586,ADU,FEU,1,64,37,7,J. Lastimosa,3,jump shot,2018.11.18,MOA,3
7587,ADU,FEU,0,37,11,7,J. Lastimosa,2,jump shot,2018.11.18,MOA,0
7588,ADU,FEU,0,-35,5,10,S. Camacho,2,jump shot,2018.11.18,MOA,0
7589,ADU,FEU,0,4,0,10,S. Camacho,2,jump shot,2018.11.18,MOA,0
7590,ADU,FEU,1,15,11,21,P. Sarr,2,jump shot,2018.11.18,MOA,2
7591,ADU,FEU,1,-14,12,7,J. Lastimosa,2,jump shot,2018.11.18,MOA,2
7592,ADU,FEU,0,-64,35,19,E. Mojica,3,jump shot,2018.11.18,MOA,0
7593,ADU,FEU,1,-22,9,21,P. Sarr,2,jump shot,2018.11.18,MOA,2
7594,ADU,FEU,0,-68,-1,11,J. Espeleta,3,jump shot,2018.11.18,MOA,0
7595,ADU,FEU,0,-62,52,11,J. Espeleta,3,jump shot,2018.11.18,MOA,0
7596,ADU,FEU,0,20,9,7,J. Lastimosa,2,jump shot,2018.11.18,MOA,0
7597,ADU,FEU,0,62,47,7,J. Lastimosa,3,jump shot,2018.11.18,MOA,0
7598,ADU,FEU,0,61,58,14,J. Pingoy,3,jump shot,2018.11.18,MOA,0
7599,ADU,FEU,0,5,9,4,C. Catapusan,2,jump shot,2018.11.18,MOA,0
7600,ADU,FEU,1,0,2,25,K. Zaldivar,2,tip in,2018.11.18,MOA,2
7601,ADU,FEU,0,-51,71,14,J. Pingoy,3,jump shot,2018.11.18,MOA,0
7602,ADU,FEU,1,7,2,11,J. Espeleta,2,jump shot,2018.11.18,MOA,2
7603,ADU,FEU,0,-54,55,4,C. Catapusan,3,jump shot,2018.11.18,MOA,0
7604,ADU,FEU,0,-50,50,11,J. Espeleta,3,jump shot,2018.11.18,MOA,0
7605,ADU,FEU,1,13,5,4,C. Catapusan,2,jump shot,2018.11.18,MOA,2
7606,ADU,FEU,1,-34,11,7,J. Lastimosa,2,jump shot,2018.11.18,MOA,2
7607,ADU,FEU,0,4,3,11,J. Espeleta,2,jump shot,2018.11.18,MOA,0
7608,ADU,FEU,0,-34,-12,7,J. Lastimosa,3,jump shot,2018.11.18,MOA,0
7609,ADU,FEU,1,-26,9,20,K. Bernardo,2,jump shot,2018.11.18,MOA,2
7610,ADU,FEU,0,-30,5,0,I. Maata,2,jump shot,2018.11.18,MOA,0
7611,ADU,FEU,0,-3,5,17,J. Colonia,2,jump shot,2018.11.18,MOA,0
7612,ADU,FEU,1,11,37,20,K. Bernardo,2,jump shot,2018.11.18,MOA,2
7613,ADU,FEU,0,59,70,19,E. Mojica,3,jump shot,2018.11.18,MOA,0
7614,ADU,FEU,1,-1,6,20,K. Bernardo,2,lay up,2018.11.18,MOA,2
7615,ADU,FEU,1,-7,-1,28,M. Macion,2,jump shot,2018.11.18,MOA,2
7616,ADU,FEU,0,8,6,9,W. Magbuhos,2,jump shot,2018.11.18,MOA,0
7617,ADU,FEU,0,4,0,17,J. Colonia,2,jump shot,2018.11.18,MOA,0
7618,ADU,FEU,0,-14,7,28,M. Macion,2,jump shot,2018.11.18,MOA,0
